ACBB_Mons 2019 1 1 1 6.8 8.3 1.3 0.4 0.0 2.6 9.1 -999.9 
ACBB_Mons 2019 1 2 2 4.2 6.5 2.3 0.4 0.0 2.6 7.2 -999.9 
ACBB_Mons 2019 1 3 3 3.4 5.7 2.0 0.2 0.0 1.8 7.2 -999.9 
ACBB_Mons 2019 1 4 4 0.1 5.0 2.5 0.0 0.0 1.8 6.8 -999.9 
ACBB_Mons 2019 1 5 5 1.6 5.1 0.7 0.1 0.0 2.8 7.2 -999.9 
ACBB_Mons 2019 1 6 6 3.0 5.3 0.7 0.1 0.0 1.6 7.5 -999.9 
ACBB_Mons 2019 1 7 7 4.4 8.8 1.0 0.1 1.0 2.6 9.5 -999.9 
ACBB_Mons 2019 1 8 8 5.6 8.5 3.5 0.6 1.5 4.7 8.0 -999.9 
ACBB_Mons 2019 1 9 9 2.9 5.9 3.1 0.4 0.5 4.0 6.8 -999.9 
ACBB_Mons 2019 1 10 10 0.3 4.3 1.6 0.3 1.0 1.3 6.2 -999.9 
ACBB_Mons 2019 1 11 11 1.9 8.6 2.2 0.1 1.0 2.3 8.6 -999.9 
ACBB_Mons 2019 1 12 12 4.7 8.9 1.1 0.3 0.5 3.6 9.1 -999.9 
ACBB_Mons 2019 1 13 13 7.2 10.7 1.2 0.5 2.0 5.9 10.5 -999.9 
ACBB_Mons 2019 1 14 14 5.5 8.3 3.4 0.5 0.0 3.0 7.7 -999.9 
ACBB_Mons 2019 1 15 15 2.2 6.9 1.1 0.1 0.0 2.7 8.0 -999.9 
ACBB_Mons 2019 1 16 16 3.8 6.4 3.5 0.4 1.0 4.6 7.5 -999.9 
ACBB_Mons 2019 1 17 17 1.5 6.0 3.0 0.4 1.0 3.9 6.9 -999.9 
ACBB_Mons 2019 1 18 18 -1.0 3.3 4.0 0.0 0.0 2.1 5.8 -999.9 
ACBB_Mons 2019 1 19 19 -2.7 2.2 7.1 0.0 0.0 3.9 5.3 -999.9 
ACBB_Mons 2019 1 20 20 -0.1 2.9 4.0 0.2 0.0 2.0 5.5 -999.9 
ACBB_Mons 2019 1 21 21 -4.5 3.5 8.1 0.0 0.0 1.3 4.6 -999.9 
ACBB_Mons 2019 1 22 22 -2.9 0.4 1.8 0.1 4.5 4.1 5.6 -999.9 
ACBB_Mons 2019 1 23 23 -2.1 0.6 2.6 0.0 0.0 1.8 5.8 -999.9 
ACBB_Mons 2019 1 24 24 -3.4 0.7 4.0 0.0 1.0 1.7 5.4 -999.9 
ACBB_Mons 2019 1 25 25 -0.3 3.8 3.1 0.1 0.5 2.0 6.5 -999.9 
ACBB_Mons 2019 1 26 26 1.2 8.0 2.2 0.0 1.5 4.3 8.9 -999.9 
ACBB_Mons 2019 1 27 27 3.2 6.8 2.0 0.7 1.5 5.8 7.7 -999.9 
ACBB_Mons 2019 1 28 28 1.8 4.5 2.8 0.7 0.0 4.2 6.1 -999.9 
ACBB_Mons 2019 1 29 29 -2.4 3.2 4.1 0.2 6.5 3.0 5.6 -999.9 
ACBB_Mons 2019 1 30 30 -2.1 2.3 6.0 0.0 2.0 2.3 5.9 -999.9 
ACBB_Mons 2019 1 31 31 -2.1 1.9 3.3 0.3 1.5 4.1 5.6 -999.9 
ACBB_Mons 2019 2 1 32 0.0 4.1 2.9 0.0 14.5 2.3 7.3 -999.9 
ACBB_Mons 2019 2 2 33 1.3 4.4 1.9 0.4 0.5 4.9 6.9 -999.9 
ACBB_Mons 2019 2 3 34 1.2 5.2 4.4 0.4 0.5 3.0 6.4 -999.9 
ACBB_Mons 2019 2 4 35 -0.6 2.5 1.5 0.3 1.5 4.1 5.9 -999.9 
ACBB_Mons 2019 2 5 36 1.5 5.5 3.8 0.3 0.0 2.0 6.8 -999.9 
ACBB_Mons 2019 2 6 37 0.6 9.7 1.9 0.0 8.0 3.9 9.2 -999.9 
ACBB_Mons 2019 2 7 38 6.0 10.0 6.4 0.9 1.0 5.5 8.7 -999.9 
ACBB_Mons 2019 2 8 39 4.9 9.7 2.5 0.7 6.5 6.9 9.4 -999.9 
ACBB_Mons 2019 2 9 40 6.5 10.6 4.9 1.3 4.5 6.1 8.7 -999.9 
ACBB_Mons 2019 2 10 41 5.5 10.1 2.5 1.2 7.5 6.9 9.0 -999.9 
ACBB_Mons 2019 2 11 42 2.1 8.5 5.7 0.5 0.0 2.2 7.3 -999.9 
ACBB_Mons 2019 2 12 43 -0.8 8.5 6.8 0.3 0.0 1.2 6.7 -999.9 
ACBB_Mons 2019 2 13 44 -1.6 5.9 6.8 0.2 0.0 2.0 6.5 -999.9 
ACBB_Mons 2019 2 14 45 0.3 10.5 9.2 0.5 0.0 2.5 7.2 -999.9 
ACBB_Mons 2019 2 15 46 2.3 13.1 9.9 0.9 0.0 2.9 7.6 -999.9 
ACBB_Mons 2019 2 16 47 0.7 13.9 9.4 0.6 0.0 1.9 7.8 -999.9 
ACBB_Mons 2019 2 17 48 2.3 15.5 10.0 1.2 0.0 2.9 7.4 -999.9 
ACBB_Mons 2019 2 18 49 1.6 14.1 9.4 0.8 0.0 2.1 7.9 -999.9 
ACBB_Mons 2019 2 19 50 3.0 11.0 8.7 0.6 0.0 1.6 8.2 -999.9 
ACBB_Mons 2019 2 20 51 -0.3 11.6 7.5 0.5 0.0 1.7 8.2 -999.9 
ACBB_Mons 2019 2 21 52 3.4 13.8 9.6 0.6 0.0 1.1 9.2 -999.9 
ACBB_Mons 2019 2 22 53 1.6 14.1 9.8 0.5 0.0 1.5 9.5 -999.9 
ACBB_Mons 2019 2 23 54 5.8 14.1 11.5 1.4 0.0 2.9 8.0 -999.9 
ACBB_Mons 2019 2 24 55 1.5 13.5 11.5 1.3 0.0 2.1 5.5 -999.9 
ACBB_Mons 2019 2 25 56 4.0 17.0 11.7 1.6 0.0 2.1 6.6 -999.9 
ACBB_Mons 2019 2 26 57 5.8 18.6 12.2 1.5 0.0 1.9 8.3 -999.9 
ACBB_Mons 2019 2 27 58 3.5 18.0 12.1 1.2 0.0 1.5 8.5 -999.9 
ACBB_Mons 2019 2 28 59 2.8 13.4 4.8 0.8 11.5 3.2 9.7 -999.9 
ACBB_Mons 2019 3 1 60 7.8 9.4 3.8 0.8 0.0 3.1 9.8 -999.9 
ACBB_Mons 2019 3 2 61 7.0 11.7 3.5 1.0 0.5 4.0 10.1 -999.9 
ACBB_Mons 2019 3 3 62 8.7 13.5 2.8 1.7 3.0 7.6 10.8 -999.9 
ACBB_Mons 2019 3 4 63 4.6 10.4 7.1 1.8 4.5 7.4 8.2 -999.9 
ACBB_Mons 2019 3 5 64 3.8 10.4 7.0 1.1 7.0 4.7 8.8 -999.9 
ACBB_Mons 2019 3 6 65 7.0 11.9 2.3 1.0 21.0 5.0 9.9 -999.9 
ACBB_Mons 2019 3 7 66 6.9 10.0 7.2 1.6 5.0 6.4 9.0 -999.9 
ACBB_Mons 2019 3 8 67 5.6 11.3 8.1 1.5 0.5 4.9 8.8 -999.9 
ACBB_Mons 2019 3 9 68 7.7 12.4 4.8 1.5 7.5 5.2 10.0 -999.9 
ACBB_Mons 2019 3 10 69 7.3 12.8 11.5 3.1 1.5 8.7 8.9 -999.9 
ACBB_Mons 2019 3 11 70 3.3 8.8 12.6 1.9 0.0 5.0 6.6 -999.9 
ACBB_Mons 2019 3 12 71 2.9 11.0 9.3 2.1 3.0 6.4 7.2 -999.9 
ACBB_Mons 2019 3 13 72 4.0 9.8 6.6 1.8 2.0 7.2 7.9 -999.9 
ACBB_Mons 2019 3 14 73 5.7 12.6 3.4 1.3 13.0 6.3 9.8 -999.9 
ACBB_Mons 2019 3 15 74 7.2 11.9 2.2 0.3 3.0 6.9 11.8 -999.9 
ACBB_Mons 2019 3 16 75 9.2 13.4 7.4 2.5 1.5 6.9 10.0 -999.9 
ACBB_Mons 2019 3 17 76 4.8 8.9 10.6 1.8 5.0 5.7 7.8 -999.9 
ACBB_Mons 2019 3 18 77 1.2 10.4 13.0 1.3 0.0 2.5 7.6 -999.9 
ACBB_Mons 2019 3 19 78 -0.5 12.1 11.1 1.1 0.0 1.1 7.7 -999.9 
ACBB_Mons 2019 3 20 79 6.0 14.3 11.2 1.4 0.0 0.6 8.8 -999.9 
ACBB_Mons 2019 3 21 80 2.5 14.9 17.3 1.5 0.0 1.2 9.7 -999.9 
ACBB_Mons 2019 3 22 81 3.2 16.1 18.5 1.9 0.0 1.2 8.9 -999.9 
ACBB_Mons 2019 3 23 82 5.3 11.1 7.8 1.0 0.0 1.7 9.8 -999.9 
ACBB_Mons 2019 3 24 83 6.4 12.0 11.6 1.8 0.0 2.1 8.0 -999.9 
ACBB_Mons 2019 3 25 84 1.9 10.3 14.9 2.0 0.0 4.2 7.1 -999.9 
ACBB_Mons 2019 3 26 85 3.5 12.1 15.7 2.0 0.0 2.0 7.2 -999.9 
ACBB_Mons 2019 3 27 86 4.0 12.8 11.8 1.6 0.0 1.2 7.8 -999.9 
ACBB_Mons 2019 3 28 87 7.5 12.4 9.9 1.8 0.0 1.7 8.3 -999.9 
ACBB_Mons 2019 3 29 88 4.1 18.4 20.1 2.8 0.0 2.5 8.6 -999.9 
ACBB_Mons 2019 3 30 89 3.4 19.9 19.3 2.5 0.0 1.3 8.2 -999.9 
ACBB_Mons 2019 3 31 90 4.4 17.4 19.5 2.8 0.0 3.5 9.3 -999.9 
ACBB_Mons 2019 4 1 91 4.9 19.6 20.0 3.2 0.0 3.0 8.9 -999.9 
ACBB_Mons 2019 4 2 92 7.7 17.4 11.1 2.8 2.0 3.7 9.3 -999.9 
ACBB_Mons 2019 4 3 93 2.6 9.5 15.6 2.0 2.5 2.8 7.1 -999.9 
ACBB_Mons 2019 4 4 94 -0.8 12.0 19.8 2.3 0.0 2.3 6.1 -999.9 
ACBB_Mons 2019 4 5 95 1.7 13.1 18.6 2.6 0.0 3.1 7.0 -999.9 
ACBB_Mons 2019 4 6 96 4.1 15.5 19.1 2.8 0.0 3.0 8.2 -999.9 
ACBB_Mons 2019 4 7 97 4.2 14.5 10.9 1.6 0.0 2.1 10.2 -999.9 
ACBB_Mons 2019 4 8 98 8.9 14.5 8.8 1.6 0.5 1.6 11.3 -999.9 
ACBB_Mons 2019 4 9 99 10.0 12.6 5.8 1.1 8.0 1.9 12.2 -999.9 
ACBB_Mons 2019 4 10 100 6.2 13.5 13.9 2.4 0.5 3.0 8.8 -999.9 
ACBB_Mons 2019 4 11 101 1.5 11.8 23.7 3.0 0.0 2.8 6.1 -999.9 
ACBB_Mons 2019 4 12 102 1.2 10.2 20.8 2.8 0.0 2.7 5.2 -999.9 
ACBB_Mons 2019 4 13 103 -0.8 9.3 22.0 2.7 0.0 2.5 4.9 -999.9 
ACBB_Mons 2019 4 14 104 -1.2 8.2 16.2 1.9 0.0 2.0 5.7 -999.9 
ACBB_Mons 2019 4 15 105 1.3 16.1 23.4 3.4 0.0 3.5 7.3 -999.9 
ACBB_Mons 2019 4 16 106 7.6 14.9 13.2 2.4 1.0 2.3 9.7 -999.9 
ACBB_Mons 2019 4 17 107 8.0 17.6 16.7 2.7 0.0 1.9 10.8 -999.9 
ACBB_Mons 2019 4 18 108 8.5 22.6 24.0 4.7 0.0 3.3 8.8 -999.9 
ACBB_Mons 2019 4 19 109 8.6 24.0 24.1 4.4 0.0 2.4 9.8 -999.9 
ACBB_Mons 2019 4 20 110 8.9 25.3 24.8 4.8 0.0 2.6 9.3 -999.9 
ACBB_Mons 2019 4 21 111 8.0 25.1 24.2 4.2 0.0 1.7 9.6 -999.9 
ACBB_Mons 2019 4 22 112 10.3 24.3 21.9 4.3 0.0 2.0 9.5 -999.9 
ACBB_Mons 2019 4 23 113 11.1 18.8 12.2 3.0 0.0 2.3 10.4 -999.9 
ACBB_Mons 2019 4 24 114 11.2 20.8 14.8 4.0 1.0 4.4 11.4 -999.9 
ACBB_Mons 2019 4 25 115 7.8 14.1 8.8 2.1 5.0 4.1 10.6 -999.9 
ACBB_Mons 2019 4 26 116 4.2 17.1 19.6 2.9 2.0 2.7 10.0 -999.9 
ACBB_Mons 2019 4 27 117 8.0 12.8 20.4 4.1 2.5 6.0 8.6 -999.9 
ACBB_Mons 2019 4 28 118 5.9 11.9 9.8 1.8 4.5 2.8 9.4 -999.9 
ACBB_Mons 2019 4 29 119 2.5 15.5 20.5 2.6 0.0 1.1 9.5 -999.9 
ACBB_Mons 2019 4 30 120 6.1 13.9 11.6 1.9 0.0 1.9 10.2 -999.9 
ACBB_Mons 2019 5 1 121 5.7 16.4 21.1 3.0 0.0 1.7 10.3 -999.9 
ACBB_Mons 2019 5 2 122 6.5 14.2 9.3 1.6 2.0 2.0 11.3 -999.9 
ACBB_Mons 2019 5 3 123 6.8 14.8 14.2 2.3 5.5 1.7 10.1 -999.9 
ACBB_Mons 2019 5 4 124 3.5 10.2 17.9 2.7 1.5 3.7 7.6 -999.9 
ACBB_Mons 2019 5 5 125 2.1 11.9 21.7 3.1 0.0 3.0 7.2 -999.9 
ACBB_Mons 2019 5 6 126 -0.4 11.8 11.5 1.7 0.0 1.7 7.4 -999.9 
ACBB_Mons 2019 5 7 127 4.0 14.9 19.8 3.1 2.0 2.0 7.9 -999.9 
ACBB_Mons 2019 5 8 128 8.2 15.2 8.1 2.1 3.5 3.5 11.0 -999.9 
ACBB_Mons 2019 5 9 129 7.0 15.7 12.6 2.5 1.5 3.3 10.8 -999.9 
ACBB_Mons 2019 5 10 130 3.0 16.6 21.2 2.9 9.0 1.8 9.9 -999.9 
ACBB_Mons 2019 5 11 131 9.1 15.9 18.7 3.7 0.0 3.5 10.0 -999.9 
ACBB_Mons 2019 5 12 132 2.5 14.4 21.5 3.2 0.0 2.3 7.7 -999.9 
ACBB_Mons 2019 5 13 133 4.3 16.2 29.7 4.9 0.0 3.6 7.1 -999.9 
ACBB_Mons 2019 5 14 134 5.4 16.6 30.0 5.1 0.0 3.6 7.2 -999.9 
ACBB_Mons 2019 5 15 135 5.3 18.1 29.8 5.0 0.0 2.7 6.9 -999.9 
ACBB_Mons 2019 5 16 136 5.0 17.4 26.9 4.4 0.0 2.5 7.6 -999.9 
ACBB_Mons 2019 5 17 137 6.4 17.6 22.8 3.6 0.0 2.2 10.4 -999.9 
ACBB_Mons 2019 5 18 138 9.3 19.7 16.9 3.1 0.0 1.3 12.2 -999.9 
ACBB_Mons 2019 5 19 139 10.1 14.7 8.6 1.7 2.5 2.5 13.0 -999.9 
ACBB_Mons 2019 5 20 140 10.3 16.2 13.5 2.8 0.0 3.0 11.9 -999.9 
ACBB_Mons 2019 5 21 141 7.3 20.2 26.5 4.4 0.0 2.4 11.0 -999.9 
ACBB_Mons 2019 5 22 142 5.1 20.9 24.6 3.8 0.0 1.2 10.6 -999.9 
ACBB_Mons 2019 5 23 143 5.9 23.1 25.7 4.1 0.0 0.9 11.3 -999.9 
ACBB_Mons 2019 5 24 144 10.8 22.5 25.3 4.7 0.0 1.8 12.0 -999.9 
ACBB_Mons 2019 5 25 145 11.1 19.8 16.5 3.1 7.0 1.6 13.6 -999.9 
ACBB_Mons 2019 5 26 146 8.2 19.3 13.4 2.4 0.0 2.4 14.0 -999.9 
ACBB_Mons 2019 5 27 147 13.3 19.3 24.0 4.9 1.5 3.3 12.3 -999.9 
ACBB_Mons 2019 5 28 148 8.9 15.6 16.8 3.1 0.5 2.9 11.2 -999.9 
ACBB_Mons 2019 5 29 149 5.8 19.2 23.2 3.6 0.0 1.6 11.5 -999.9 
ACBB_Mons 2019 5 30 150 12.9 21.0 14.2 3.2 0.0 2.4 14.4 -999.9 
ACBB_Mons 2019 5 31 151 8.5 22.4 22.0 3.8 0.0 1.2 13.5 -999.9 
ACBB_Mons 2019 6 1 152 11.5 27.1 29.6 5.4 0.0 1.6 16.6 -999.9 
ACBB_Mons 2019 6 2 153 14.2 30.3 30.2 6.6 0.0 2.6 16.6 -999.9 
ACBB_Mons 2019 6 3 154 13.7 19.7 13.1 2.8 0.5 1.4 14.2 -999.9 
ACBB_Mons 2019 6 4 155 11.4 26.4 16.4 3.8 2.0 2.8 16.6 -999.9 
ACBB_Mons 2019 6 5 156 12.4 16.8 6.0 1.6 15.0 2.2 13.9 -999.9 
ACBB_Mons 2019 6 6 157 9.7 18.6 21.6 3.8 0.5 2.1 12.3 -999.9 
ACBB_Mons 2019 6 7 158 11.4 17.4 12.9 3.6 2.0 5.6 12.2 -999.9 
ACBB_Mons 2019 6 8 159 11.6 18.8 23.6 5.4 0.0 4.9 11.1 -999.9 
ACBB_Mons 2019 6 9 160 8.9 18.8 14.5 2.6 3.0 1.3 13.2 -999.9 
ACBB_Mons 2019 6 10 161 11.7 19.3 16.3 3.2 2.5 1.7 13.6 -999.9 
ACBB_Mons 2019 6 11 162 6.3 19.3 26.1 4.0 0.0 1.4 11.8 -999.9 
ACBB_Mons 2019 6 12 163 9.2 18.7 15.3 2.8 4.5 1.8 12.9 -999.9 
ACBB_Mons 2019 6 13 164 9.6 19.7 19.9 3.8 1.5 3.2 13.2 -999.9 
ACBB_Mons 2019 6 14 165 9.6 22.5 24.6 4.1 0.5 1.3 15.0 -999.9 
ACBB_Mons 2019 6 15 166 13.8 22.1 27.1 5.3 0.0 2.2 13.4 -999.9 
ACBB_Mons 2019 6 16 167 10.6 22.1 22.1 4.1 0.0 2.1 14.4 -999.9 
ACBB_Mons 2019 6 17 168 10.7 25.6 27.1 4.8 0.0 1.0 15.2 -999.9 
ACBB_Mons 2019 6 18 169 12.4 27.3 26.1 5.2 0.0 1.8 16.8 -999.9 
ACBB_Mons 2019 6 19 170 16.9 24.9 17.7 4.1 4.5 2.1 18.1 -999.9 
ACBB_Mons 2019 6 20 171 13.1 20.2 21.5 4.2 0.0 2.2 13.9 -999.9 
ACBB_Mons 2019 6 21 172 6.7 21.2 26.5 4.3 0.0 1.6 11.5 -999.9 
ACBB_Mons 2019 6 22 173 9.5 23.5 28.7 5.0 0.0 1.8 13.5 -999.9 
ACBB_Mons 2019 6 23 174 13.7 27.8 27.0 5.6 0.0 2.6 18.5 -999.9 
ACBB_Mons 2019 6 24 175 17.8 30.6 25.9 5.9 0.0 2.1 21.6 -999.9 
ACBB_Mons 2019 6 25 176 18.2 31.4 27.8 6.3 0.0 2.2 23.3 -999.9 
ACBB_Mons 2019 6 26 177 17.0 27.7 27.8 6.1 0.0 3.0 20.4 -999.9 
ACBB_Mons 2019 6 27 178 16.1 27.2 30.2 7.0 0.0 3.9 16.7 -999.9 
ACBB_Mons 2019 6 28 179 13.7 28.5 30.5 6.4 0.0 2.7 16.3 -999.9 
ACBB_Mons 2019 6 29 180 15.7 33.3 31.2 7.1 0.0 2.1 17.1 -999.9 
ACBB_Mons 2019 6 30 181 17.6 25.6 25.9 5.8 0.0 2.5 16.4 -999.9 
ACBB_Mons 2019 7 1 182 11.7 24.0 26.0 5.0 0.0 2.0 13.9 -999.9 
ACBB_Mons 2019 7 2 183 7.8 24.0 26.5 4.7 0.0 1.7 12.6 -999.9 
ACBB_Mons 2019 7 3 184 12.0 22.5 31.6 6.1 0.0 3.0 11.7 -999.9 
ACBB_Mons 2019 7 4 185 10.1 25.1 31.3 5.8 0.0 2.1 11.9 -999.9 
ACBB_Mons 2019 7 5 186 10.1 29.0 29.3 5.4 0.0 1.1 14.0 -999.9 
ACBB_Mons 2019 7 6 187 11.5 27.8 22.0 4.7 0.0 1.5 14.0 -999.9 
ACBB_Mons 2019 7 7 188 14.3 18.0 6.5 1.8 0.5 1.4 14.5 -999.9 
ACBB_Mons 2019 7 8 189 8.6 21.9 26.7 4.8 0.0 2.1 10.8 -999.9 
ACBB_Mons 2019 7 9 190 8.2 23.4 30.1 5.3 0.0 1.8 10.6 -999.9 
ACBB_Mons 2019 7 10 191 11.3 26.8 23.9 4.6 0.0 1.0 13.0 -999.9 
ACBB_Mons 2019 7 11 192 16.1 28.1 22.7 5.2 0.0 1.6 14.6 -999.9 
ACBB_Mons 2019 7 12 193 12.2 25.1 22.1 4.8 0.0 3.0 15.2 -999.9 
ACBB_Mons 2019 7 13 194 11.4 23.1 16.2 3.5 0.0 2.1 14.7 -999.9 
ACBB_Mons 2019 7 14 195 11.0 21.9 13.1 3.1 0.0 2.1 13.2 -999.9 
ACBB_Mons 2019 7 15 196 9.9 21.3 24.3 4.4 0.0 1.9 12.1 -999.9 
ACBB_Mons 2019 7 16 197 8.8 23.8 25.5 4.4 0.0 1.2 11.9 -999.9 
ACBB_Mons 2019 7 17 198 9.1 27.2 26.0 4.8 0.0 1.1 11.6 -999.9 
ACBB_Mons 2019 7 18 199 11.3 25.7 16.9 3.7 0.5 2.0 15.4 -999.9 
ACBB_Mons 2019 7 19 200 12.8 26.6 21.7 4.6 0.0 1.9 14.7 -999.9 
ACBB_Mons 2019 7 20 201 14.5 27.9 19.3 4.8 1.5 2.8 16.5 -999.9 
ACBB_Mons 2019 7 21 202 11.7 26.6 26.3 5.1 0.0 1.7 13.8 -999.9 
ACBB_Mons 2019 7 22 203 11.2 30.5 26.9 5.2 0.0 1.1 14.3 -999.9 
ACBB_Mons 2019 7 23 204 15.4 36.2 28.8 6.9 0.0 2.1 13.9 -999.9 
ACBB_Mons 2019 7 24 205 18.7 36.2 26.6 6.9 0.0 2.2 16.7 -999.9 
ACBB_Mons 2019 7 25 206 21.5 41.9 24.4 7.8 0.0 2.7 17.2 -999.9 
ACBB_Mons 2019 7 26 207 22.7 32.9 25.1 7.6 30.5 3.6 18.0 -999.9 
ACBB_Mons 2019 7 27 208 16.1 17.8 5.0 1.1 12.0 3.1 18.4 -999.9 
ACBB_Mons 2019 7 28 209 15.7 23.5 20.0 4.5 0.0 2.9 15.8 -999.9 
ACBB_Mons 2019 7 29 210 10.3 27.0 28.4 5.2 0.0 1.5 13.1 -999.9 
ACBB_Mons 2019 7 30 211 12.9 26.3 22.2 5.2 0.0 3.6 14.4 -999.9 
ACBB_Mons 2019 7 31 212 14.8 21.8 15.8 3.9 0.0 3.1 14.2 -999.9 
ACBB_Mons 2019 8 1 213 14.2 25.4 23.0 4.7 0.0 1.8 14.8 -999.9 
ACBB_Mons 2019 8 2 214 13.1 25.9 24.3 4.9 0.0 2.3 15.1 -999.9 
ACBB_Mons 2019 8 3 215 12.8 24.3 15.7 3.3 0.0 1.7 15.9 -999.9 
ACBB_Mons 2019 8 4 216 13.3 27.8 21.3 4.5 0.0 1.6 15.4 -999.9 
ACBB_Mons 2019 8 5 217 15.0 27.8 19.6 4.8 0.5 3.1 16.7 -999.9 
ACBB_Mons 2019 8 6 218 15.8 23.5 11.5 2.8 0.0 1.8 17.8 -999.9 
ACBB_Mons 2019 8 7 219 14.2 25.4 20.7 4.5 0.0 2.4 15.4 -999.9 
ACBB_Mons 2019 8 8 220 12.2 27.3 18.3 3.8 0.0 1.5 15.6 -999.9 
ACBB_Mons 2019 8 9 221 20.5 23.9 9.0 3.1 6.5 3.9 20.5 -999.9 
ACBB_Mons 2019 8 10 222 17.1 25.7 21.7 6.6 0.0 5.9 14.4 -999.9 
ACBB_Mons 2019 8 11 223 12.0 20.9 12.8 3.0 0.0 2.6 13.5 -999.9 
ACBB_Mons 2019 8 12 224 10.1 22.8 17.5 3.5 3.5 2.6 13.6 -999.9 
ACBB_Mons 2019 8 13 225 8.6 18.4 15.1 2.5 5.0 2.3 13.4 -999.9 
ACBB_Mons 2019 8 14 226 9.8 22.4 14.6 2.9 1.5 2.7 14.9 -999.9 
ACBB_Mons 2019 8 15 227 15.9 21.7 17.3 4.2 1.5 4.5 15.8 -999.9 
ACBB_Mons 2019 8 16 228 10.6 23.6 17.4 3.6 1.0 3.0 14.6 -999.9 
ACBB_Mons 2019 8 17 229 16.2 19.5 4.1 1.1 21.0 3.4 18.6 -999.9 
ACBB_Mons 2019 8 18 230 14.8 21.0 12.3 2.8 10.0 2.4 16.1 -999.9 
ACBB_Mons 2019 8 19 231 10.5 22.3 21.9 4.0 0.0 2.7 13.3 -999.9 
ACBB_Mons 2019 8 20 232 8.9 22.0 21.6 3.6 0.0 1.9 12.3 -999.9 
ACBB_Mons 2019 8 21 233 6.9 22.9 23.7 3.5 0.0 0.8 11.5 -999.9 
ACBB_Mons 2019 8 22 234 8.1 25.4 24.3 3.9 0.0 1.2 12.2 -999.9 
ACBB_Mons 2019 8 23 235 9.9 28.1 23.5 4.2 0.0 1.4 13.4 -999.9 
ACBB_Mons 2019 8 24 236 13.8 29.0 23.4 4.7 0.0 1.9 14.9 -999.9 
ACBB_Mons 2019 8 25 237 13.5 31.5 23.5 4.4 0.0 0.8 15.8 -999.9 
ACBB_Mons 2019 8 26 238 14.5 32.0 22.6 4.6 0.0 1.3 16.9 -999.9 
ACBB_Mons 2019 8 27 239 16.4 32.8 19.5 4.6 0.0 1.7 17.9 -999.9 
ACBB_Mons 2019 8 28 240 18.5 29.4 16.0 4.1 0.0 2.2 18.8 -999.9 
ACBB_Mons 2019 8 29 241 18.4 23.0 14.8 3.8 0.0 2.2 14.3 -999.9 
ACBB_Mons 2019 8 30 242 7.0 25.4 22.5 3.4 0.0 0.9 11.0 -999.9 
ACBB_Mons 2019 8 31 243 11.6 30.5 19.0 4.7 0.0 3.1 13.8 -999.9 
ACBB_Mons 2019 9 1 244 13.1 22.2 17.5 3.7 0.0 2.3 11.9 -999.9 
ACBB_Mons 2019 9 2 245 6.9 22.0 21.7 3.2 0.0 1.4 10.1 -999.9 
ACBB_Mons 2019 9 3 246 8.1 20.3 8.9 1.9 0.0 1.8 12.7 -999.9 
ACBB_Mons 2019 9 4 247 7.9 21.8 13.2 2.7 0.0 3.2 12.6 -999.9 
ACBB_Mons 2019 9 5 248 8.6 18.6 15.4 3.0 0.0 2.7 9.8 -999.9 
ACBB_Mons 2019 9 6 249 2.4 21.0 17.6 2.6 0.5 2.4 10.4 -999.9 
ACBB_Mons 2019 9 7 250 11.0 19.3 11.0 2.4 1.0 2.8 12.9 -999.9 
ACBB_Mons 2019 9 8 251 8.8 18.2 15.2 2.7 1.0 2.5 10.8 -999.9 
ACBB_Mons 2019 9 9 252 3.0 18.5 12.6 1.9 0.0 1.9 9.9 -999.9 
ACBB_Mons 2019 9 10 253 10.9 22.3 18.8 3.2 0.0 1.5 10.2 -999.9 
ACBB_Mons 2019 9 11 254 9.6 22.7 11.8 2.6 0.0 3.3 13.7 -999.9 
ACBB_Mons 2019 9 12 255 16.7 22.8 10.2 2.5 1.0 2.8 18.1 -999.9 
ACBB_Mons 2019 9 13 256 14.1 23.0 8.9 2.0 0.5 1.6 16.9 -999.9 
ACBB_Mons 2019 9 14 257 10.9 24.2 19.4 3.3 0.0 2.0 12.7 -999.9 
ACBB_Mons 2019 9 15 258 7.2 25.8 19.3 2.8 0.0 1.2 12.1 -999.9 
ACBB_Mons 2019 9 16 259 8.1 24.3 15.4 2.4 0.0 2.2 15.2 -999.9 
ACBB_Mons 2019 9 17 260 14.5 20.7 14.2 3.0 0.0 2.3 12.3 -999.9 
ACBB_Mons 2019 9 18 261 7.0 19.0 18.2 2.8 0.0 2.6 9.3 -999.9 
ACBB_Mons 2019 9 19 262 7.1 19.0 18.5 2.9 0.0 3.1 9.4 -999.9 
ACBB_Mons 2019 9 20 263 7.0 22.8 18.6 3.6 0.0 3.3 7.8 -999.9 
ACBB_Mons 2019 9 21 264 11.1 26.9 17.5 4.5 0.0 4.4 11.0 -999.9 
ACBB_Mons 2019 9 22 265 15.0 24.4 9.4 3.1 6.0 4.0 15.5 -999.9 
ACBB_Mons 2019 9 23 266 12.2 21.3 14.8 2.7 0.5 3.1 14.0 -999.9 
ACBB_Mons 2019 9 24 267 14.2 17.0 2.6 0.8 10.5 3.4 15.9 -999.9 
ACBB_Mons 2019 9 25 268 12.6 17.6 4.6 1.3 2.0 4.1 15.2 -999.9 
ACBB_Mons 2019 9 26 269 14.0 19.7 4.5 1.5 5.5 4.8 16.8 -999.9 
ACBB_Mons 2019 9 27 270 12.8 19.3 11.9 2.4 0.0 4.4 14.3 -999.9 
ACBB_Mons 2019 9 28 271 12.7 18.6 8.8 2.5 0.0 5.0 13.3 -999.9 
ACBB_Mons 2019 9 29 272 13.1 20.1 6.9 2.7 3.0 7.3 14.8 -999.9 
ACBB_Mons 2019 9 30 273 11.0 18.6 8.4 1.7 0.0 3.7 14.0 -999.9 
ACBB_Mons 2019 10 1 274 14.5 19.7 6.8 1.7 6.5 4.2 16.4 -999.9 
ACBB_Mons 2019 10 2 275 9.1 14.8 12.3 2.0 0.0 3.1 9.9 -999.9 
ACBB_Mons 2019 10 3 276 0.8 12.6 9.8 1.0 2.0 1.7 8.4 -999.9 
ACBB_Mons 2019 10 4 277 7.9 17.7 9.7 1.4 0.0 4.5 13.1 -999.9 
ACBB_Mons 2019 10 5 278 9.4 15.3 6.0 0.7 0.5 1.3 13.7 -999.9 
ACBB_Mons 2019 10 6 279 12.8 17.2 7.4 1.8 2.0 4.4 13.6 -999.9 
ACBB_Mons 2019 10 7 280 11.8 16.8 7.6 1.6 5.0 3.1 12.7 -999.9 
ACBB_Mons 2019 10 8 281 12.1 15.4 5.2 1.0 2.0 3.6 14.2 -999.9 
ACBB_Mons 2019 10 9 282 10.2 14.5 5.2 1.5 17.5 4.7 11.7 -999.9 
ACBB_Mons 2019 10 10 283 9.5 16.7 11.0 1.6 0.0 3.7 11.9 -999.9 
ACBB_Mons 2019 10 11 284 9.5 16.8 6.2 1.1 0.0 3.9 13.4 -999.9 
ACBB_Mons 2019 10 12 285 11.6 18.2 8.3 1.2 1.0 3.2 14.9 -999.9 
ACBB_Mons 2019 10 13 286 12.9 23.6 9.3 1.9 0.0 3.7 16.7 -999.9 
ACBB_Mons 2019 10 14 287 12.2 22.4 8.4 1.6 1.0 3.3 15.8 -999.9 
ACBB_Mons 2019 10 15 288 12.4 15.2 5.3 1.1 4.0 3.1 13.4 -999.9 
ACBB_Mons 2019 10 16 289 10.2 14.6 2.2 0.3 16.0 5.2 14.3 -999.9 
ACBB_Mons 2019 10 17 290 10.3 16.5 8.9 1.0 1.0 3.1 13.7 -999.9 
ACBB_Mons 2019 10 18 291 10.8 15.2 10.0 1.7 2.0 5.0 11.6 -999.9 
ACBB_Mons 2019 10 19 292 9.7 14.2 6.2 0.8 1.0 2.8 12.4 -999.9 
ACBB_Mons 2019 10 20 293 9.3 12.7 2.9 0.6 11.0 2.4 12.3 -999.9 
ACBB_Mons 2019 10 21 294 9.9 13.3 2.6 0.5 0.0 3.7 12.9 -999.9 
ACBB_Mons 2019 10 22 295 8.8 15.1 5.7 0.7 0.0 1.3 12.2 -999.9 
ACBB_Mons 2019 10 23 296 10.7 16.5 5.7 0.7 0.0 1.9 13.8 -999.9 
ACBB_Mons 2019 10 24 297 11.3 17.6 7.3 1.1 0.0 3.7 13.8 -999.9 
ACBB_Mons 2019 10 25 298 9.2 15.0 4.7 0.5 0.0 4.0 13.5 -999.9 
ACBB_Mons 2019 10 26 299 11.9 18.6 9.0 1.3 10.5 4.3 14.0 -999.9 
ACBB_Mons 2019 10 27 300 7.2 10.3 2.9 0.6 1.0 1.8 10.0 -999.9 
ACBB_Mons 2019 10 28 301 2.2 12.2 8.7 0.4 0.0 1.8 8.7 -999.9 
ACBB_Mons 2019 10 29 302 7.6 11.8 6.7 0.9 0.0 2.8 9.0 -999.9 
ACBB_Mons 2019 10 30 303 6.1 9.8 3.8 0.8 0.0 2.3 8.3 -999.9 
ACBB_Mons 2019 10 31 304 3.3 10.0 4.7 0.4 0.0 2.2 8.8 -999.9 
ACBB_Mons 2019 11 1 305 7.7 15.5 1.6 0.2 11.5 3.4 13.6 -999.9 
ACBB_Mons 2019 11 2 306 11.8 14.1 5.6 1.3 1.0 5.6 12.3 -999.9 
ACBB_Mons 2019 11 3 307 9.2 13.6 3.3 0.6 11.0 3.1 12.1 -999.9 
ACBB_Mons 2019 11 4 308 9.1 13.5 5.1 0.9 5.0 3.8 11.0 -999.9 
ACBB_Mons 2019 11 5 309 6.3 12.7 5.4 0.4 0.5 1.8 10.2 -999.9 
ACBB_Mons 2019 11 6 310 7.2 10.2 2.8 0.2 4.5 2.2 11.0 -999.9 
ACBB_Mons 2019 11 7 311 4.9 10.4 4.8 0.5 4.5 3.6 9.3 -999.9 
ACBB_Mons 2019 11 8 312 1.7 10.6 7.0 0.1 0.0 1.5 8.1 -999.9 
ACBB_Mons 2019 11 9 313 3.2 9.1 5.6 0.3 0.0 2.1 8.1 -999.9 
ACBB_Mons 2019 11 10 314 2.7 8.6 6.5 0.1 0.0 2.6 8.2 -999.9 
ACBB_Mons 2019 11 11 315 4.5 8.3 1.9 0.5 8.5 3.7 8.6 -999.9 
ACBB_Mons 2019 11 12 316 3.8 7.3 5.3 0.3 1.5 3.8 7.8 -999.9 
ACBB_Mons 2019 11 13 317 3.5 9.1 4.5 0.2 4.0 2.7 8.7 -999.9 
ACBB_Mons 2019 11 14 318 4.1 6.9 4.0 0.3 0.0 3.2 7.9 -999.9 
ACBB_Mons 2019 11 15 319 1.3 4.9 0.7 0.0 7.5 2.9 7.5 -999.9 
ACBB_Mons 2019 11 16 320 2.3 7.3 3.1 0.3 0.0 2.5 7.7 -999.9 
ACBB_Mons 2019 11 17 321 1.8 7.6 6.0 0.0 0.0 1.5 7.4 -999.9 
ACBB_Mons 2019 11 18 322 1.3 7.6 1.2 0.1 1.5 1.7 8.2 -999.9 
ACBB_Mons 2019 11 19 323 -1.5 8.1 6.0 0.0 0.0 1.0 7.0 -999.9 
ACBB_Mons 2019 11 20 324 -0.9 3.8 7.5 0.0 0.0 3.1 6.3 -999.9 
ACBB_Mons 2019 11 21 325 0.2 7.3 5.2 0.0 0.0 3.4 7.7 -999.9 
ACBB_Mons 2019 11 22 326 5.0 9.9 5.8 0.1 1.0 4.6 9.1 -999.9 
ACBB_Mons 2019 11 23 327 6.9 9.8 2.4 0.8 0.0 4.1 9.0 -999.9 
ACBB_Mons 2019 11 24 328 2.7 9.6 2.1 0.1 0.0 1.6 9.3 -999.9 
ACBB_Mons 2019 11 25 329 3.9 11.6 3.7 0.0 0.5 2.9 10.4 -999.9 
ACBB_Mons 2019 11 26 330 8.9 11.6 1.4 0.1 15.5 3.7 12.2 -999.9 
ACBB_Mons 2019 11 27 331 9.4 11.2 1.8 0.7 2.5 5.8 11.2 -999.9 
ACBB_Mons 2019 11 28 332 9.3 11.3 2.6 0.6 3.0 4.7 10.9 -999.9 
ACBB_Mons 2019 11 29 333 5.0 9.7 3.5 0.1 0.0 1.5 8.5 -999.9 
ACBB_Mons 2019 11 30 334 -1.8 6.7 5.2 0.0 0.0 2.2 6.6 -999.9 
ACBB_Mons 2019 12 1 335 2.1 3.4 1.3 0.5 0.0 2.6 6.1 -999.9 
ACBB_Mons 2019 12 2 336 -1.4 6.6 3.5 0.0 0.0 0.9 6.6 -999.9 
ACBB_Mons 2019 12 3 337 -3.0 0.2 2.1 0.0 0.0 0.5 5.4 -999.9 
ACBB_Mons 2019 12 4 338 -2.8 4.5 6.0 0.0 0.0 1.2 5.9 -999.9 
ACBB_Mons 2019 12 5 339 -3.6 0.8 1.2 0.0 0.0 2.2 5.6 -999.9 
ACBB_Mons 2019 12 6 340 0.0 9.6 0.9 0.1 4.5 5.1 8.5 -999.9 
ACBB_Mons 2019 12 7 341 6.7 10.0 2.5 0.1 0.5 3.1 10.2 -999.9 
ACBB_Mons 2019 12 8 342 8.4 11.2 2.3 0.9 11.0 5.8 10.0 -999.9 
ACBB_Mons 2019 12 9 343 5.4 8.2 2.0 0.9 5.0 5.5 8.0 -999.9 
ACBB_Mons 2019 12 10 344 -0.9 6.7 4.0 0.0 4.0 4.0 6.9 -999.9 
ACBB_Mons 2019 12 11 345 5.1 7.5 2.2 0.1 2.5 2.8 8.9 -999.9 
ACBB_Mons 2019 12 12 346 1.4 7.7 2.3 0.3 12.5 5.0 7.7 -999.9 
ACBB_Mons 2019 12 13 347 5.1 9.6 1.6 1.0 4.5 6.2 8.3 -999.9 
ACBB_Mons 2019 12 14 348 5.0 10.6 2.9 0.7 1.5 5.8 8.6 -999.9 
ACBB_Mons 2019 12 15 349 5.5 8.5 3.6 0.2 0.0 4.5 8.6 -999.9 
ACBB_Mons 2019 12 16 350 4.7 10.2 0.9 0.0 1.5 2.4 10.3 -999.9 
ACBB_Mons 2019 12 17 351 7.0 15.0 2.9 0.4 1.0 3.4 10.7 -999.9 
ACBB_Mons 2019 12 18 352 3.2 9.4 3.5 0.0 0.0 3.3 9.5 -999.9 
ACBB_Mons 2019 12 19 353 7.6 12.7 1.2 0.6 9.0 4.5 10.9 -999.9 
ACBB_Mons 2019 12 20 354 8.0 12.4 2.6 0.7 4.0 5.5 10.4 -999.9 
ACBB_Mons 2019 12 21 355 6.3 9.7 2.9 0.3 4.0 5.2 9.4 -999.9 
ACBB_Mons 2019 12 22 356 6.9 9.2 1.8 0.4 4.5 5.1 9.7 -999.9 
ACBB_Mons 2019 12 23 357 6.3 10.5 3.3 0.2 4.0 3.9 9.5 -999.9 
ACBB_Mons 2019 12 24 358 6.5 11.7 3.9 0.1 1.5 4.9 10.2 -999.9 
ACBB_Mons 2019 12 25 359 5.6 9.1 3.3 0.1 0.0 2.3 8.6 -999.9 
ACBB_Mons 2019 12 26 360 1.9 10.1 1.2 0.3 10.0 3.1 8.5 -999.9 
ACBB_Mons 2019 12 27 361 7.3 8.5 1.1 0.2 0.0 2.1 9.9 -999.9 
ACBB_Mons 2019 12 28 362 3.3 7.4 3.1 0.0 0.0 1.8 7.9 -999.9 
ACBB_Mons 2019 12 29 363 -0.7 4.2 4.6 0.0 0.0 2.1 5.9 -999.9 
ACBB_Mons 2019 12 30 364 -1.0 5.7 5.2 0.0 0.0 1.7 5.8 -999.9 
ACBB_Mons 2019 12 31 365 -1.3 3.9 4.8 0.0 0.0 1.6 5.8 -999.9 
