ACBB_Mons 2016 1 1 1 1.7 7.0 1.7 0.0 2.0 3.2 8.6 -999.9
ACBB_Mons 2016 1 2 2 5.8 10.6 1.9 0.5 3.5 5.6 9.7 -999.9
ACBB_Mons 2016 1 3 3 4.9 7.3 1.1 0.2 12.0 5.4 9.0 -999.9
ACBB_Mons 2016 1 4 4 5.8 9.0 3.7 0.1 0.0 4.6 9.1 -999.9
ACBB_Mons 2016 1 5 5 3.9 8.5 1.6 0.3 0.0 4.0 8.9 -999.9
ACBB_Mons 2016 1 6 6 6.5 8.2 1.6 0.3 0.0 2.8 9.4 -999.9
ACBB_Mons 2016 1 7 7 5.8 6.9 0.0 1.0 0.0 1.2 8.7 -999.9
ACBB_Mons 2016 1 8 8 0.4 7.6 4.5 0.0 0.0 2.2 7.6 -999.9
ACBB_Mons 2016 1 9 9 2.3 9.5 1.8 0.1 3.5 4.3 9.2 -999.9
ACBB_Mons 2016 1 10 10 4.4 7.8 2.1 0.4 0.5 4.6 8.4 -999.9
ACBB_Mons 2016 1 11 11 2.1 7.5 1.7 0.0 3.0 4.8 8.7 -999.9
ACBB_Mons 2016 1 12 12 4.5 7.3 3.6 0.3 9.5 5.5 8.2 -999.9
ACBB_Mons 2016 1 13 13 3.1 7.3 4.0 0.2 0.5 3.9 7.6 -999.9
ACBB_Mons 2016 1 14 14 0.7 6.4 3.7 0.2 3.5 4.9 7.1 -999.9
ACBB_Mons 2016 1 15 15 1.5 4.2 3.7 0.5 0.0 5.1 6.0 -999.9
ACBB_Mons 2016 1 16 16 -0.1 5.6 4.1 0.1 0.0 2.6 6.3 -999.9
ACBB_Mons 2016 1 17 17 -0.2 4.4 3.4 0.2 0.0 1.5 5.7 -999.9
ACBB_Mons 2016 1 18 18 -3.4 -1.2 3.7 0.1 0.0 3.5 4.5 -999.9
ACBB_Mons 2016 1 19 19 -4.9 0.1 6.2 0.0 0.0 1.2 4.3 -999.9
ACBB_Mons 2016 1 20 20 -6.2 1.8 7.0 0.0 0.0 0.8 4.7 -999.9
ACBB_Mons 2016 1 21 21 -5.3 2.8 7.1 0.0 0.0 1.6 5.1 -999.9
ACBB_Mons 2016 1 22 22 -2.3 4.9 3.2 0.2 5.5 3.7 6.3 -999.9
ACBB_Mons 2016 1 23 23 2.8 7.4 2.8 0.0 1.5 2.2 8.7 -999.9
ACBB_Mons 2016 1 24 24 4.0 7.9 1.5 0.0 0.5 2.4 9.5 -999.9
ACBB_Mons 2016 1 25 25 3.7 12.6 6.4 0.0 0.0 3.2 9.6 -999.9
ACBB_Mons 2016 1 26 26 6.9 11.1 4.1 0.3 0.5 4.3 10.5 -999.9
ACBB_Mons 2016 1 27 27 9.3 11.3 1.3 0.8 5.5 6.6 11.0 -999.9
ACBB_Mons 2016 1 28 28 3.8 7.9 4.9 0.1 0.0 1.6 8.2 -999.9
ACBB_Mons 2016 1 29 29 1.8 9.0 2.2 0.4 0.0 5.7 8.6 -999.9
ACBB_Mons 2016 1 30 30 5.1 8.9 0.8 0.4 12.0 5.9 9.2 -999.9
ACBB_Mons 2016 1 31 31 4.6 11.8 1.5 0.2 1.5 4.6 10.6 -999.9
ACBB_Mons 2016 2 1 32 10.5 11.6 1.7 0.9 0.0 6.2 11.4 -999.9
ACBB_Mons 2016 2 2 33 7.4 12.1 1.9 0.9 5.0 5.3 10.4 -999.9
ACBB_Mons 2016 2 3 34 2.8 7.7 6.0 0.4 1.5 3.9 7.6 -999.9
ACBB_Mons 2016 2 4 35 1.8 11.0 2.1 0.2 3.0 3.9 9.7 -999.9
ACBB_Mons 2016 2 5 36 8.3 10.5 1.7 0.4 0.5 3.7 10.9 -999.9
ACBB_Mons 2016 2 6 37 7.3 12.0 3.1 1.1 6.0 5.7 9.9 -999.9
ACBB_Mons 2016 2 7 38 6.4 9.9 6.0 1.1 4.5 6.1 8.7 -999.9
ACBB_Mons 2016 2 8 39 6.7 9.5 5.8 1.5 0.5 9.0 8.8 -999.9
ACBB_Mons 2016 2 9 40 4.1 11.2 2.2 1.3 17.0 5.5 8.2 -999.9
ACBB_Mons 2016 2 10 41 1.6 6.4 4.7 0.4 6.5 5.6 7.6 -999.9
ACBB_Mons 2016 2 11 42 2.9 7.8 5.3 0.4 0.5 2.4 7.7 -999.9
ACBB_Mons 2016 2 12 43 1.7 5.1 4.1 0.5 0.0 4.0 7.0 -999.9
ACBB_Mons 2016 2 13 44 2.5 6.6 2.1 0.4 3.5 2.9 7.8 -999.9
ACBB_Mons 2016 2 14 45 2.3 5.7 5.1 0.4 0.0 3.2 7.3 -999.9
ACBB_Mons 2016 2 15 46 2.3 6.6 8.5 0.8 0.0 3.6 6.4 -999.9
ACBB_Mons 2016 2 16 47 -1.5 5.2 11.1 0.3 0.0 1.5 5.6 -999.9
ACBB_Mons 2016 2 17 48 -3.3 1.9 7.4 0.3 0.0 1.8 5.2 -999.9
ACBB_Mons 2016 2 18 49 -1.7 2.1 3.3 0.3 2.0 2.2 5.8 -999.9
ACBB_Mons 2016 2 19 50 -1.3 8.4 10.3 0.4 1.0 2.8 7.0 -999.9
ACBB_Mons 2016 2 20 51 4.1 11.8 2.5 0.2 4.5 6.6 10.9 -999.9
ACBB_Mons 2016 2 21 52 10.0 12.4 3.2 1.1 0.0 6.6 11.7 -999.9
ACBB_Mons 2016 2 22 53 9.3 10.6 2.2 0.9 13.5 4.8 10.4 -999.9
ACBB_Mons 2016 2 23 54 3.4 8.7 8.8 0.7 0.0 2.1 7.5 -999.9
ACBB_Mons 2016 2 24 55 0.0 7.6 9.1 0.5 0.0 1.9 6.9 -999.9
ACBB_Mons 2016 2 25 56 0.2 7.2 9.1 0.6 0.0 1.2 6.2 -999.9
ACBB_Mons 2016 2 26 57 0.8 6.6 8.6 0.9 0.0 2.1 5.8 -999.9
ACBB_Mons 2016 2 27 58 0.7 6.4 11.3 1.3 0.0 4.3 5.6 -999.9
ACBB_Mons 2016 2 28 59 -0.1 5.9 11.1 1.5 0.0 5.3 5.2 -999.9
ACBB_Mons 2016 2 29 60 -0.1 6.8 13.2 1.1 0.0 3.1 5.4 -999.9
ACBB_Mons 2016 3 1 61 -2.3 9.4 2.7 0.4 3.5 4.0 7.7 -999.9
ACBB_Mons 2016 3 2 62 1.1 9.5 9.6 1.2 9.0 6.2 7.5 -999.9
ACBB_Mons 2016 3 3 63 1.7 7.7 9.6 1.0 4.0 3.9 7.2 -999.9
ACBB_Mons 2016 3 4 64 2.2 8.6 7.2 0.9 21.0 3.1 7.5 -999.9
ACBB_Mons 2016 3 5 65 0.2 7.0 8.2 0.8 3.5 2.3 6.8 -999.9
ACBB_Mons 2016 3 6 66 2.5 7.1 7.4 1.1 0.0 3.2 6.7 -999.9
ACBB_Mons 2016 3 7 67 1.0 6.2 7.5 0.9 0.5 2.5 6.5 -999.9
ACBB_Mons 2016 3 8 68 0.7 8.7 11.0 1.0 0.0 2.3 6.8 -999.9
ACBB_Mons 2016 3 9 69 3.7 4.4 2.5 0.9 2.5 6.6 7.0 -999.9
ACBB_Mons 2016 3 10 70 1.2 8.6 7.6 0.8 0.0 1.6 7.6 -999.9
ACBB_Mons 2016 3 11 71 0.4 9.7 13.8 1.1 0.0 1.8 7.1 -999.9
ACBB_Mons 2016 3 12 72 0.6 10.6 15.0 1.3 0.0 1.7 7.0 -999.9
ACBB_Mons 2016 3 13 73 -0.1 9.8 15.5 1.5 0.0 3.5 6.8 -999.9
ACBB_Mons 2016 3 14 74 0.1 8.9 15.2 1.5 0.0 3.4 6.5 -999.9
ACBB_Mons 2016 3 15 75 0.1 11.8 15.7 1.8 0.0 3.3 6.8 -999.9
ACBB_Mons 2016 3 16 76 2.2 8.6 10.0 1.8 0.0 4.1 6.3 -999.9
ACBB_Mons 2016 3 17 77 0.2 11.8 16.8 1.8 0.0 2.5 6.3 -999.9
ACBB_Mons 2016 3 18 78 0.3 8.8 9.4 1.1 0.0 2.5 7.3 -999.9
ACBB_Mons 2016 3 19 79 4.5 7.5 4.4 1.2 0.0 3.0 7.3 -999.9
ACBB_Mons 2016 3 20 80 4.4 7.0 3.0 0.8 0.0 2.3 7.4 -999.9
ACBB_Mons 2016 3 21 81 2.9 11.0 9.1 1.4 0.0 1.9 7.6 -999.9
ACBB_Mons 2016 3 22 82 3.7 12.3 15.4 1.8 0.0 1.7 7.3 -999.9
ACBB_Mons 2016 3 23 83 4.1 10.1 5.9 1.1 0.0 2.5 8.4 -999.9
ACBB_Mons 2016 3 24 84 5.4 10.6 7.3 1.3 4.0 2.2 8.5 -999.9
ACBB_Mons 2016 3 25 85 6.1 12.0 7.6 1.4 2.5 2.8 9.5 -999.9
ACBB_Mons 2016 3 26 86 1.4 14.1 9.9 1.1 11.5 5.1 10.3 -999.9
ACBB_Mons 2016 3 27 87 5.9 13.1 14.5 2.5 1.0 6.1 9.4 -999.9
ACBB_Mons 2016 3 28 88 6.6 13.1 12.7 3.0 9.5 8.1 9.2 -999.9
ACBB_Mons 2016 3 29 89 4.8 13.3 15.0 2.4 0.5 5.5 9.3 -999.9
ACBB_Mons 2016 3 30 90 7.5 11.8 8.5 1.6 5.0 2.7 9.5 -999.9
ACBB_Mons 2016 3 31 91 5.8 8.1 4.7 0.9 3.5 3.2 9.0 -999.9
ACBB_Mons 2016 4 1 92 2.8 11.5 11.7 1.4 0.0 1.8 8.6 -999.9
ACBB_Mons 2016 4 2 93 2.7 11.6 6.8 0.8 1.5 2.5 10.3 -999.9
ACBB_Mons 2016 4 3 94 9.2 19.2 17.5 2.5 2.0 3.2 14.1 -999.9
ACBB_Mons 2016 4 4 95 9.6 15.7 14.7 2.4 0.0 3.4 11.7 -999.9
ACBB_Mons 2016 4 5 96 8.6 14.0 13.3 2.0 0.0 2.0 10.7 -999.9
ACBB_Mons 2016 4 6 97 4.8 12.8 11.7 2.0 0.5 5.0 9.6 -999.9
ACBB_Mons 2016 4 7 98 3.9 11.4 16.6 2.3 1.0 4.5 8.5 -999.9
ACBB_Mons 2016 4 8 99 4.8 12.7 10.5 1.5 0.0 1.4 9.3 -999.9
ACBB_Mons 2016 4 9 100 2.5 14.2 13.2 1.9 2.5 3.1 9.1 -999.9
ACBB_Mons 2016 4 10 101 0.8 15.9 20.3 2.4 0.0 3.4 9.4 -999.9
ACBB_Mons 2016 4 11 102 9.2 14.9 8.4 2.1 4.0 4.2 11.1 -999.9
ACBB_Mons 2016 4 12 103 4.4 14.3 16.1 1.9 7.0 2.8 10.9 -999.9
ACBB_Mons 2016 4 13 104 7.0 12.3 8.9 1.4 1.0 1.7 10.8 -999.9
ACBB_Mons 2016 4 14 105 2.7 16.5 18.4 2.2 3.0 2.0 10.8 -999.9
ACBB_Mons 2016 4 15 106 8.1 16.2 18.0 3.2 0.0 5.5 11.4 -999.9
ACBB_Mons 2016 4 16 107 7.3 12.4 12.7 2.1 1.0 3.4 10.0 -999.9
ACBB_Mons 2016 4 17 108 2.1 11.5 22.1 2.8 0.0 2.6 7.1 -999.9
ACBB_Mons 2016 4 18 109 -0.4 12.5 20.4 2.4 0.0 2.1 7.3 -999.9
ACBB_Mons 2016 4 19 110 2.8 14.8 15.5 2.2 0.0 1.6 8.7 -999.9
ACBB_Mons 2016 4 20 111 3.6 17.3 24.6 4.0 0.0 3.8 7.7 -999.9
ACBB_Mons 2016 4 21 112 6.2 20.1 18.1 3.6 0.0 2.8 9.0 -999.9
ACBB_Mons 2016 4 22 113 9.4 16.2 16.7 3.3 1.5 3.0 9.5 -999.9
ACBB_Mons 2016 4 23 114 5.9 11.0 14.0 2.8 0.0 3.6 7.3 -999.9
ACBB_Mons 2016 4 24 115 0.0 8.2 11.6 1.5 2.5 2.7 7.2 -999.9
ACBB_Mons 2016 4 25 116 1.7 10.0 6.0 0.9 7.5 3.9 8.9 -999.9
ACBB_Mons 2016 4 26 117 2.5 9.1 18.9 2.7 0.5 3.7 6.9 -999.9
ACBB_Mons 2016 4 27 118 0.4 10.9 21.8 2.8 0.5 3.2 6.8 -999.9
ACBB_Mons 2016 4 28 119 -0.9 11.8 18.7 2.4 0.0 2.2 6.8 -999.9
ACBB_Mons 2016 4 29 120 3.3 11.5 10.1 1.7 9.0 3.3 9.0 -999.9
ACBB_Mons 2016 4 30 121 5.2 10.7 11.9 2.0 1.0 2.3 8.3 -999.9
ACBB_Mons 2016 5 1 122 2.3 14.9 26.8 3.8 0.0 2.9 7.3 -999.9
ACBB_Mons 2016 5 2 123 1.2 17.4 22.6 3.0 0.5 2.2 9.8 -999.9
ACBB_Mons 2016 5 3 124 6.5 15.9 25.6 4.1 0.0 3.0 8.5 -999.9
ACBB_Mons 2016 5 4 125 2.2 17.0 27.2 3.8 0.0 1.9 7.5 -999.9
ACBB_Mons 2016 5 5 126 6.2 19.8 27.6 5.2 0.0 3.6 7.6 -999.9
ACBB_Mons 2016 5 6 127 9.1 23.9 27.4 5.3 0.0 3.0 10.6 -999.9
ACBB_Mons 2016 5 7 128 10.2 23.3 20.6 4.6 0.0 3.1 11.2 -999.9
ACBB_Mons 2016 5 8 129 12.2 25.5 26.5 5.7 0.0 3.2 12.1 -999.9
ACBB_Mons 2016 5 9 130 13.3 22.9 14.9 3.9 4.0 3.7 14.4 -999.9
ACBB_Mons 2016 5 10 131 14.4 18.9 10.0 2.0 20.0 2.9 17.6 -999.9
ACBB_Mons 2016 5 11 132 13.6 21.5 14.3 2.8 30.0 2.0 16.9 -999.9
ACBB_Mons 2016 5 12 133 13.9 19.0 8.8 1.7 2.0 1.2 17.3 -999.9
ACBB_Mons 2016 5 13 134 13.1 22.9 26.3 5.2 0.0 3.9 15.6 -999.9
ACBB_Mons 2016 5 14 135 8.6 12.6 16.2 3.4 0.0 3.7 8.5 -999.9
ACBB_Mons 2016 5 15 136 3.4 14.0 17.2 2.5 0.5 2.3 9.4 -999.9
ACBB_Mons 2016 5 16 137 7.6 14.6 10.2 1.8 0.0 1.3 11.3 -999.9
ACBB_Mons 2016 5 17 138 4.4 17.1 19.0 2.6 0.0 1.5 11.8 -999.9
ACBB_Mons 2016 5 18 139 9.8 16.7 12.7 2.6 4.5 3.1 12.3 -999.9
ACBB_Mons 2016 5 19 140 6.7 17.6 19.6 3.0 0.0 1.6 11.8 -999.9
ACBB_Mons 2016 5 20 141 9.0 19.7 12.1 2.1 0.5 2.7 15.3 -999.9
ACBB_Mons 2016 5 21 142 12.4 22.6 20.9 3.9 10.0 3.2 17.0 -999.9
ACBB_Mons 2016 5 22 143 12.0 17.9 7.7 1.6 9.0 2.8 15.9 -999.9
ACBB_Mons 2016 5 23 144 10.6 15.8 12.4 2.4 1.0 3.2 13.3 -999.9
ACBB_Mons 2016 5 24 145 9.5 15.6 13.6 2.8 0.0 2.7 11.1 -999.9
ACBB_Mons 2016 5 25 146 7.3 17.5 19.2 3.1 0.0 1.6 11.7 -999.9
ACBB_Mons 2016 5 26 147 8.8 21.1 22.2 3.8 0.5 2.2 14.1 -999.9
ACBB_Mons 2016 5 27 148 12.4 23.3 19.5 3.8 2.0 2.0 16.4 -999.9
ACBB_Mons 2016 5 28 149 12.6 22.7 24.1 4.3 0.0 2.2 16.8 -999.9
ACBB_Mons 2016 5 29 150 13.3 20.9 10.4 2.4 4.5 3.6 17.2 -999.9
ACBB_Mons 2016 5 30 151 12.3 13.2 2.4 0.3 1.0 6.1 14.7 -999.9
ACBB_Mons 2016 5 31 152 12.1 16.2 4.9 0.8 14.5 3.4 16.1 -999.9
ACBB_Mons 2016 6 1 153 13.0 15.7 4.8 1.0 2.5 3.2 15.6 -999.9
ACBB_Mons 2016 6 2 154 11.7 12.7 4.7 0.8 1.5 5.4 14.0 -999.9
ACBB_Mons 2016 6 3 155 10.7 14.4 5.2 0.9 0.5 3.0 14.3 -999.9
ACBB_Mons 2016 6 4 156 11.4 16.1 6.7 1.1 1.5 2.7 15.8 -999.9
ACBB_Mons 2016 6 5 157 13.7 22.3 13.9 2.7 0.0 1.2 18.5 -999.9
ACBB_Mons 2016 6 6 158 12.3 26.5 23.2 4.4 0.0 1.7 18.7 -999.9
ACBB_Mons 2016 6 7 159 14.6 26.5 20.3 4.1 0.0 1.6 19.6 -999.9
ACBB_Mons 2016 6 8 160 13.6 23.9 15.1 3.4 0.0 2.3 17.2 -999.9
ACBB_Mons 2016 6 9 161 11.6 22.1 23.7 4.3 0.0 2.0 14.8 -999.9
ACBB_Mons 2016 6 10 162 10.2 22.4 19.3 3.6 0.0 1.2 14.0 -999.9
ACBB_Mons 2016 6 11 163 15.0 22.7 17.0 3.6 2.0 1.4 16.4 -999.9
ACBB_Mons 2016 6 12 164 11.6 20.7 13.1 2.4 5.0 2.1 17.0 -999.9
ACBB_Mons 2016 6 13 165 13.9 18.5 9.6 2.2 1.0 2.9 16.3 -999.9
ACBB_Mons 2016 6 14 166 12.1 18.7 15.4 2.9 3.0 2.5 15.4 -999.9
ACBB_Mons 2016 6 15 167 11.5 17.7 13.2 2.5 14.5 1.5 14.2 -999.9
ACBB_Mons 2016 6 16 168 10.4 18.2 13.7 2.4 17.5 1.1 14.7 -999.9
ACBB_Mons 2016 6 17 169 11.2 19.8 18.3 3.2 1.5 2.1 15.4 -999.9
ACBB_Mons 2016 6 18 170 9.5 16.7 9.1 1.5 8.5 1.7 15.0 -999.9
ACBB_Mons 2016 6 19 171 11.7 20.8 24.0 4.1 0.5 1.0 14.8 -999.9
ACBB_Mons 2016 6 20 172 13.8 17.0 6.4 1.1 13.0 3.0 17.5 -999.9
ACBB_Mons 2016 6 21 173 14.0 20.7 8.7 1.6 2.0 1.7 19.7 -999.9
ACBB_Mons 2016 6 22 174 16.8 27.3 19.7 4.1 0.5 1.8 23.9 -999.9
ACBB_Mons 2016 6 23 175 19.5 29.8 22.7 5.2 18.5 2.1 25.1 -999.9
ACBB_Mons 2016 6 24 176 16.3 22.8 25.3 5.0 0.0 2.4 17.6 -999.9
ACBB_Mons 2016 6 25 177 13.2 20.2 22.6 4.3 0.0 2.1 14.4 -999.9
ACBB_Mons 2016 6 26 178 10.5 19.8 18.4 3.4 2.0 2.4 14.2 -999.9
ACBB_Mons 2016 6 27 179 10.4 21.1 11.6 2.3 1.0 2.5 16.4 -999.9
ACBB_Mons 2016 6 28 180 11.2 22.1 19.3 3.6 0.0 2.1 15.8 -999.9
ACBB_Mons 2016 6 29 181 12.4 21.2 18.0 3.7 0.0 2.9 15.2 -999.9
ACBB_Mons 2016 6 30 182 14.6 20.4 9.1 2.0 14.5 2.5 18.3 -999.9
ACBB_Mons 2016 7 1 183 15.2 22.1 12.0 2.9 4.0 3.3 18.2 -999.9
ACBB_Mons 2016 7 2 184 12.3 19.1 22.1 4.1 1.0 2.8 13.9 -999.9
ACBB_Mons 2016 7 3 185 10.8 18.1 12.3 2.2 0.5 1.7 14.9 -999.9
ACBB_Mons 2016 7 4 186 14.3 22.5 19.6 3.8 0.5 1.7 17.2 -999.9
ACBB_Mons 2016 7 5 187 14.4 20.6 17.2 3.5 0.0 2.5 16.2 -999.9
ACBB_Mons 2016 7 6 188 9.4 22.5 26.3 4.3 0.0 1.0 14.2 -999.9
ACBB_Mons 2016 7 7 189 10.4 26.4 29.3 5.2 0.0 1.3 16.2 -999.9
ACBB_Mons 2016 7 8 190 12.3 23.9 23.6 4.3 0.0 2.1 17.1 -999.9
ACBB_Mons 2016 7 9 191 14.5 27.1 24.2 4.9 0.0 1.8 18.1 -999.9
ACBB_Mons 2016 7 10 192 15.6 29.2 26.6 6.0 0.0 2.6 17.9 -999.9
ACBB_Mons 2016 7 11 193 15.2 22.5 17.7 3.9 0.5 2.5 16.2 -999.9
ACBB_Mons 2016 7 12 194 14.8 21.1 16.8 3.6 0.5 2.0 15.1 -999.9
ACBB_Mons 2016 7 13 195 9.9 16.6 9.6 1.8 5.5 2.1 14.2 -999.9
ACBB_Mons 2016 7 14 196 10.5 20.2 21.6 3.9 0.0 2.3 13.3 -999.9
ACBB_Mons 2016 7 15 197 8.2 23.2 23.2 4.1 0.0 1.8 13.4 -999.9
ACBB_Mons 2016 7 16 198 13.8 25.2 17.3 3.6 0.0 1.6 17.5 -999.9
ACBB_Mons 2016 7 17 199 11.6 27.0 24.2 4.5 0.0 1.3 18.0 -999.9
ACBB_Mons 2016 7 18 200 13.5 29.1 27.4 5.2 0.0 0.9 18.8 -999.9
ACBB_Mons 2016 7 19 201 17.3 32.4 29.0 6.6 0.0 2.1 19.9 -999.9
ACBB_Mons 2016 7 20 202 20.2 30.9 19.5 5.5 0.0 2.8 20.1 -999.9
ACBB_Mons 2016 7 21 203 15.6 25.8 19.1 4.1 0.0 1.9 18.2 -999.9
ACBB_Mons 2016 7 22 204 16.4 26.8 19.1 4.4 0.0 2.3 18.6 -999.9
ACBB_Mons 2016 7 23 205 15.4 27.0 16.6 4.1 0.0 2.5 17.9 -999.9
ACBB_Mons 2016 7 24 206 12.1 26.1 24.6 4.6 0.0 1.5 16.6 -999.9
ACBB_Mons 2016 7 25 207 17.7 24.9 11.5 3.1 0.0 1.8 18.8 -999.9
ACBB_Mons 2016 7 26 208 12.1 23.7 19.8 3.9 0.0 1.9 15.2 -999.9
ACBB_Mons 2016 7 27 209 10.6 22.7 13.8 2.6 2.5 2.0 16.7 -999.9
ACBB_Mons 2016 7 28 210 17.1 23.9 19.7 4.4 2.0 2.7 17.7 -999.9
ACBB_Mons 2016 7 29 211 16.7 24.1 15.7 3.7 0.0 2.7 18.4 -999.9
ACBB_Mons 2016 7 30 212 13.3 21.4 12.1 2.5 0.0 1.8 16.5 -999.9
ACBB_Mons 2016 7 31 213 12.6 23.1 16.6 3.3 8.0 1.4 15.6 -999.9
ACBB_Mons 2016 8 1 214 8.8 22.2 18.7 3.3 2.5 1.9 14.1 -999.9
ACBB_Mons 2016 8 2 215 14.0 19.7 5.6 1.1 11.5 4.0 18.9 -999.9
ACBB_Mons 2016 8 3 216 16.6 21.2 5.1 1.2 21.0 3.3 20.5 -999.9
ACBB_Mons 2016 8 4 217 13.6 21.6 13.8 2.9 1.0 2.6 16.8 -999.9
ACBB_Mons 2016 8 5 218 12.2 22.9 19.6 3.8 0.5 2.7 15.6 -999.9
ACBB_Mons 2016 8 6 219 10.3 23.4 19.3 3.5 0.0 1.9 14.7 -999.9
ACBB_Mons 2016 8 7 220 11.0 26.5 20.8 3.8 0.0 2.1 17.9 -999.9
ACBB_Mons 2016 8 8 221 12.5 22.8 17.0 3.8 0.0 3.1 14.7 -999.9
ACBB_Mons 2016 8 9 222 8.9 20.9 22.5 3.9 1.0 2.2 11.5 -999.9
ACBB_Mons 2016 8 10 223 9.1 17.3 12.2 2.1 1.5 1.6 12.9 -999.9
ACBB_Mons 2016 8 11 224 7.1 19.3 9.5 1.7 1.5 2.4 14.2 -999.9
ACBB_Mons 2016 8 12 225 10.7 24.9 16.3 3.0 0.0 1.7 17.3 -999.9
ACBB_Mons 2016 8 13 226 10.4 26.6 23.1 4.1 0.5 1.6 16.1 -999.9
ACBB_Mons 2016 8 14 227 12.0 24.1 18.1 3.3 0.0 1.6 16.8 -999.9
ACBB_Mons 2016 8 15 228 12.4 24.3 24.5 4.5 0.0 2.6 15.6 -999.9
ACBB_Mons 2016 8 16 229 12.5 26.9 23.3 4.5 0.0 2.7 16.9 -999.9
ACBB_Mons 2016 8 17 230 14.1 28.9 20.2 4.3 0.0 1.9 17.1 -999.9
ACBB_Mons 2016 8 18 231 13.0 24.0 9.4 2.0 1.0 1.1 18.4 -999.9
ACBB_Mons 2016 8 19 232 14.6 23.5 9.6 2.2 0.5 2.0 18.5 -999.9
ACBB_Mons 2016 8 20 233 14.6 24.6 18.9 4.3 1.5 3.4 15.9 -999.9
ACBB_Mons 2016 8 21 234 13.5 20.3 11.2 2.9 0.5 4.2 14.8 -999.9
ACBB_Mons 2016 8 22 235 12.7 27.1 22.6 4.4 0.0 2.8 16.9 -999.9
ACBB_Mons 2016 8 23 236 14.8 29.7 23.1 5.0 0.0 2.6 17.0 -999.9
ACBB_Mons 2016 8 24 237 18.2 33.6 23.1 5.8 0.0 2.8 18.6 -999.9
ACBB_Mons 2016 8 25 238 18.1 35.1 22.3 5.5 0.0 2.2 20.5 -999.9
ACBB_Mons 2016 8 26 239 18.2 31.1 20.6 4.5 0.0 1.8 22.6 -999.9
ACBB_Mons 2016 8 27 240 18.4 32.9 15.9 4.2 0.0 2.2 22.2 -999.9
ACBB_Mons 2016 8 28 241 17.6 26.5 20.3 4.6 0.0 2.8 17.2 -999.9
ACBB_Mons 2016 8 29 242 15.3 21.6 9.4 1.9 3.5 1.3 18.3 -999.9
ACBB_Mons 2016 8 30 243 12.0 24.9 19.5 3.4 0.0 1.5 15.5 -999.9
ACBB_Mons 2016 8 31 244 11.2 26.6 19.4 3.4 0.0 1.4 15.0 -999.9
ACBB_Mons 2016 9 1 245 11.3 25.0 15.8 2.9 0.0 1.6 16.0 -999.9
ACBB_Mons 2016 9 2 246 10.0 25.9 16.6 2.9 0.0 1.5 15.4 -999.9
ACBB_Mons 2016 9 3 247 12.3 25.5 17.1 3.2 4.0 1.7 15.6 -999.9
ACBB_Mons 2016 9 4 248 17.1 19.2 6.5 1.8 2.0 3.6 18.2 -999.9
ACBB_Mons 2016 9 5 249 15.1 18.2 6.6 1.0 2.5 2.0 19.2 -999.9
ACBB_Mons 2016 9 6 250 17.8 22.7 9.4 1.8 0.5 1.2 22.2 -999.9
ACBB_Mons 2016 9 7 251 14.1 27.1 20.6 3.8 0.0 2.1 17.0 -999.9
ACBB_Mons 2016 9 8 252 13.8 24.7 16.7 3.4 0.0 2.8 15.9 -999.9
ACBB_Mons 2016 9 9 253 8.9 24.5 19.7 3.0 0.0 1.7 13.9 -999.9
ACBB_Mons 2016 9 10 254 11.1 26.2 18.0 3.3 1.0 2.1 14.5 -999.9
ACBB_Mons 2016 9 11 255 17.0 22.7 7.3 1.6 0.5 1.4 20.3 -999.9
ACBB_Mons 2016 9 12 256 15.9 29.6 17.8 3.8 0.0 2.3 18.7 -999.9
ACBB_Mons 2016 9 13 257 19.8 29.3 10.5 3.7 0.0 3.0 19.0 -999.9
ACBB_Mons 2016 9 14 258 18.0 28.7 17.5 4.0 0.0 2.4 17.7 -999.9
ACBB_Mons 2016 9 15 259 15.1 20.7 4.8 1.2 2.0 2.5 18.5 -999.9
ACBB_Mons 2016 9 16 260 13.7 21.0 7.2 1.9 11.5 3.8 16.5 -999.9
ACBB_Mons 2016 9 17 261 13.3 16.2 5.5 1.1 0.5 1.9 15.4 -999.9
ACBB_Mons 2016 9 18 262 11.4 21.8 9.9 1.5 0.0 3.1 17.9 -999.9
ACBB_Mons 2016 9 19 263 12.4 20.8 11.6 1.9 0.0 1.2 15.1 -999.9
ACBB_Mons 2016 9 20 264 12.1 21.6 13.1 2.1 0.0 1.1 13.7 -999.9
ACBB_Mons 2016 9 21 265 9.5 22.2 15.4 2.0 0.0 0.8 13.8 -999.9
ACBB_Mons 2016 9 22 266 10.2 21.7 11.7 1.8 2.0 1.3 14.5 -999.9
ACBB_Mons 2016 9 23 267 10.8 22.2 13.2 1.9 0.0 0.9 15.0 -999.9
ACBB_Mons 2016 9 24 268 10.8 23.8 16.5 2.9 0.5 2.7 13.2 -999.9
ACBB_Mons 2016 9 25 269 11.0 20.2 7.6 1.7 1.0 2.2 13.9 -999.9
ACBB_Mons 2016 9 26 270 6.4 19.0 10.1 1.3 0.0 0.8 12.3 -999.9
ACBB_Mons 2016 9 27 271 5.9 21.5 14.7 1.9 0.0 1.8 12.0 -999.9
ACBB_Mons 2016 9 28 272 14.5 22.9 12.9 2.5 0.0 2.7 15.6 -999.9
ACBB_Mons 2016 9 29 273 12.1 20.7 8.2 1.7 0.5 3.5 15.8 -999.9
ACBB_Mons 2016 9 30 274 12.1 19.8 10.7 1.8 4.5 2.1 13.8 -999.9
ACBB_Mons 2016 10 1 275 10.8 17.9 9.4 1.5 1.5 2.7 13.7 -999.9
ACBB_Mons 2016 10 2 276 9.6 16.2 7.4 1.4 1.0 3.3 12.4 -999.9
ACBB_Mons 2016 10 3 277 3.8 17.8 14.4 1.2 0.0 1.2 12.0 -999.9
ACBB_Mons 2016 10 4 278 8.1 18.6 12.9 1.7 0.5 3.2 12.5 -999.9
ACBB_Mons 2016 10 5 279 6.7 16.0 14.7 2.1 0.0 3.5 9.1 -999.9
ACBB_Mons 2016 10 6 280 4.0 13.9 13.3 1.6 0.0 3.9 8.9 -999.9
ACBB_Mons 2016 10 7 281 8.0 13.6 6.2 0.9 0.0 2.6 11.5 -999.9
ACBB_Mons 2016 10 8 282 8.9 14.7 6.5 1.1 0.0 1.6 11.1 -999.9
ACBB_Mons 2016 10 9 283 3.9 14.7 11.8 1.1 0.0 1.2 8.4 -999.9
ACBB_Mons 2016 10 10 284 1.0 14.2 7.7 0.6 1.0 0.9 9.5 -999.9
ACBB_Mons 2016 10 11 285 3.1 13.5 11.5 0.9 0.0 1.9 9.2 -999.9
ACBB_Mons 2016 10 12 286 2.5 12.5 7.8 0.5 0.0 2.4 10.1 -999.9
ACBB_Mons 2016 10 13 287 5.6 13.0 6.6 1.0 0.0 2.9 9.6 -999.9
ACBB_Mons 2016 10 14 288 8.4 12.6 3.5 0.7 1.5 2.0 11.4 -999.9
ACBB_Mons 2016 10 15 289 9.0 16.5 10.7 1.1 0.0 3.6 12.9 -999.9
ACBB_Mons 2016 10 16 290 7.9 20.6 11.2 1.3 1.0 2.9 13.3 -999.9
ACBB_Mons 2016 10 17 291 9.9 16.6 7.7 0.8 0.5 1.6 13.7 -999.9
ACBB_Mons 2016 10 18 292 5.3 13.7 4.4 0.5 0.5 2.4 11.4 -999.9
ACBB_Mons 2016 10 19 293 3.9 14.1 7.2 0.6 0.5 2.9 10.5 -999.9
ACBB_Mons 2016 10 20 294 7.6 14.3 5.7 0.7 0.0 2.6 11.9 -999.9
ACBB_Mons 2016 10 21 295 7.5 13.7 7.2 0.6 3.0 1.0 10.9 -999.9
ACBB_Mons 2016 10 22 296 3.4 13.0 7.5 0.5 0.0 1.3 10.0 -999.9
ACBB_Mons 2016 10 23 297 5.0 10.4 5.7 0.3 0.0 2.6 10.6 -999.9
ACBB_Mons 2016 10 24 298 8.7 12.1 2.0 0.2 0.5 1.3 12.4 -999.9
ACBB_Mons 2016 10 25 299 6.3 11.4 3.3 0.3 0.0 0.9 11.4 -999.9
ACBB_Mons 2016 10 26 300 4.2 8.9 3.5 0.3 0.0 0.8 9.7 -999.9
ACBB_Mons 2016 10 27 301 5.0 14.7 4.3 0.2 0.0 1.5 12.6 -999.9
ACBB_Mons 2016 10 28 302 6.9 14.4 3.3 0.3 0.0 1.1 12.7 -999.9
ACBB_Mons 2016 10 29 303 10.9 16.3 7.0 0.5 0.5 1.0 13.3 -999.9
ACBB_Mons 2016 10 30 304 6.5 16.4 8.9 0.5 0.0 2.1 11.8 -999.9
ACBB_Mons 2016 10 31 305 7.7 16.6 8.9 0.5 0.0 1.7 12.0 -999.9
ACBB_Mons 2016 11 1 306 5.0 15.6 7.8 0.2 0.5 1.1 11.9 -999.9
ACBB_Mons 2016 11 2 307 4.7 10.8 8.2 0.3 0.0 1.8 8.8 -999.9
ACBB_Mons 2016 11 3 308 -1.8 10.8 7.5 0.1 0.0 1.0 7.7 -999.9
ACBB_Mons 2016 11 4 309 2.7 8.3 3.0 0.2 3.0 2.5 9.0 -999.9
ACBB_Mons 2016 11 5 310 6.1 10.4 5.7 0.4 0.0 2.0 9.4 -999.9
ACBB_Mons 2016 11 6 311 -0.4 7.9 6.3 0.1 0.0 2.0 7.4 -999.9
ACBB_Mons 2016 11 7 312 1.2 4.1 1.3 0.0 0.0 1.9 7.7 -999.9
ACBB_Mons 2016 11 8 313 0.4 7.0 4.2 0.2 2.5 1.8 7.5 -999.9
ACBB_Mons 2016 11 9 314 3.1 8.7 1.0 0.1 7.5 4.4 9.0 -999.9
ACBB_Mons 2016 11 10 315 2.4 9.1 2.5 0.1 8.0 1.9 9.4 -999.9
ACBB_Mons 2016 11 11 316 2.0 7.1 6.7 0.0 0.0 2.0 7.5 -999.9
ACBB_Mons 2016 11 12 317 -2.5 4.8 3.4 0.0 2.0 2.7 6.8 -999.9
ACBB_Mons 2016 11 13 318 3.3 8.4 2.0 0.1 1.0 1.4 9.3 -999.9
ACBB_Mons 2016 11 14 319 4.5 8.8 2.1 0.3 2.0 1.9 9.3 -999.9
ACBB_Mons 2016 11 15 320 6.0 12.8 1.3 0.0 1.0 3.1 13.1 -999.9
ACBB_Mons 2016 11 16 321 11.2 12.5 1.5 0.1 1.0 4.1 13.9 -999.9
ACBB_Mons 2016 11 17 322 9.9 12.3 2.7 0.5 7.0 5.9 12.2 -999.9
ACBB_Mons 2016 11 18 323 5.4 10.1 5.0 0.5 0.0 5.5 9.0 -999.9
ACBB_Mons 2016 11 19 324 3.3 9.4 5.1 0.2 0.5 4.3 8.3 -999.9
ACBB_Mons 2016 11 20 325 5.7 13.0 4.5 0.2 7.0 6.6 11.1 -999.9
ACBB_Mons 2016 11 21 326 10.5 14.9 1.9 0.8 1.0 4.7 12.9 -999.9
ACBB_Mons 2016 11 22 327 8.4 11.5 2.7 0.4 1.0 3.9 11.1 -999.9
ACBB_Mons 2016 11 23 328 6.5 12.5 2.7 0.0 1.5 2.3 12.0 -999.9
ACBB_Mons 2016 11 24 329 8.6 11.8 4.2 0.3 0.0 4.6 11.2 -999.9
ACBB_Mons 2016 11 25 330 4.4 7.7 1.9 0.1 0.0 3.8 9.1 -999.9
ACBB_Mons 2016 11 26 331 6.5 7.1 0.6 0.0 0.0 1.9 9.6 -999.9
ACBB_Mons 2016 11 27 332 1.3 7.2 1.9 0.0 0.0 1.8 8.4 -999.9
ACBB_Mons 2016 11 28 333 1.2 5.6 5.8 0.0 0.0 3.3 6.3 -999.9
ACBB_Mons 2016 11 29 334 -2.7 3.0 5.8 0.0 0.0 2.3 5.0 -999.9
ACBB_Mons 2016 11 30 335 -5.1 4.8 6.6 0.0 0.0 0.5 5.0 -999.9
ACBB_Mons 2016 12 1 336 -4.9 5.7 5.6 0.0 0.0 0.4 6.1 -999.9
ACBB_Mons 2016 12 2 337 0.6 7.7 2.0 0.0 0.0 0.8 8.1 -999.9
ACBB_Mons 2016 12 3 338 1.3 5.6 5.2 0.0 0.0 2.9 6.8 -999.9
ACBB_Mons 2016 12 4 339 -2.6 4.2 5.1 0.0 0.0 2.9 5.3 -999.9
ACBB_Mons 2016 12 5 340 -1.5 4.6 4.9 0.0 0.0 2.7 6.1 -999.9
ACBB_Mons 2016 12 6 341 -0.9 5.7 4.3 0.0 0.0 2.3 6.5 -999.9
ACBB_Mons 2016 12 7 342 -0.3 6.7 4.2 0.0 0.0 2.7 7.1 -999.9
ACBB_Mons 2016 12 8 343 -0.2 7.6 3.4 0.0 0.0 2.2 7.6 -999.9
ACBB_Mons 2016 12 9 344 2.3 10.8 3.3 0.0 0.0 1.6 9.3 -999.9
ACBB_Mons 2016 12 10 345 0.7 9.2 2.9 0.0 0.0 1.9 8.6 -999.9
ACBB_Mons 2016 12 11 346 2.1 9.8 3.8 0.0 0.0 2.1 9.2 -999.9
ACBB_Mons 2016 12 12 347 2.8 5.1 1.0 0.0 2.0 2.8 8.1 -999.9
ACBB_Mons 2016 12 13 348 3.9 7.4 1.4 0.1 0.0 2.4 8.9 -999.9
ACBB_Mons 2016 12 14 349 2.0 9.7 4.6 0.0 0.0 2.6 8.5 -999.9
ACBB_Mons 2016 12 15 350 1.3 6.6 4.1 0.0 0.0 3.4 8.1 -999.9
ACBB_Mons 2016 12 16 351 4.1 7.6 3.5 0.0 0.0 3.7 8.4 -999.9
ACBB_Mons 2016 12 17 352 -0.6 4.5 1.0 0.0 0.0 0.6 7.2 -999.9
ACBB_Mons 2016 12 18 353 3.5 5.6 1.3 0.0 0.0 1.1 8.5 -999.9
ACBB_Mons 2016 12 19 354 4.2 7.2 3.1 0.0 0.0 1.9 8.2 -999.9
ACBB_Mons 2016 12 20 355 1.4 4.8 3.0 0.0 0.0 2.3 7.1 -999.9
ACBB_Mons 2016 12 21 356 0.5 6.0 2.8 0.0 18.0 3.9 7.7 -999.9
ACBB_Mons 2016 12 22 357 5.1 7.1 1.0 0.0 0.5 1.2 9.3 -999.9
ACBB_Mons 2016 12 23 358 -0.1 7.0 1.9 0.0 0.5 3.3 7.9 -999.9
ACBB_Mons 2016 12 24 359 4.7 8.5 2.1 0.0 0.5 3.8 9.9 -999.9
ACBB_Mons 2016 12 25 360 6.9 9.9 1.0 0.0 0.0 4.5 10.9 -999.9
ACBB_Mons 2016 12 26 361 5.0 10.2 3.3 0.0 0.5 2.9 9.9 -999.9
ACBB_Mons 2016 12 27 362 -1.8 6.3 5.0 0.0 0.0 0.5 6.7 -999.9
ACBB_Mons 2016 12 28 363 -1.0 6.1 5.3 0.0 0.0 1.5 6.6 -999.9
ACBB_Mons 2016 12 29 364 -3.6 4.0 5.1 0.0 0.0 1.4 5.7 -999.9
ACBB_Mons 2016 12 30 365 -5.2 -2.6 1.5 0.0 0.0 0.8 4.6 -999.9
ACBB_Mons 2016 12 31 366 -4.1 -3.0 0.8 0.0 0.0 1.1 4.7 -999.9
ACBB_Mons 2017 1 1 1 -4.5 -0.1 0.8 0.0 0.5 1.7 5.0 -999.9
ACBB_Mons 2017 1 2 2 -2.6 1.8 2.5 0.0 0.5 0.5 5.8 -999.9
ACBB_Mons 2017 1 3 3 -3.8 3.2 1.5 0.1 0.0 2.0 5.6 -999.9
ACBB_Mons 2017 1 4 4 0.2 6.2 1.3 0.1 0.5 3.3 7.5 -999.9
ACBB_Mons 2017 1 5 5 0.1 6.0 4.3 0.0 0.0 1.6 6.6 -999.9
ACBB_Mons 2017 1 6 6 -4.1 0.0 5.5 0.0 0.0 2.0 4.7 -999.9
ACBB_Mons 2017 1 7 7 -4.6 0.5 0.9 0.0 0.5 2.3 5.3 -999.9
ACBB_Mons 2017 1 8 8 -0.1 3.5 1.4 0.0 1.5 0.8 7.0 -999.9
ACBB_Mons 2017 1 9 9 1.7 6.9 1.0 0.0 5.5 3.1 8.5 -999.9
ACBB_Mons 2017 1 10 10 1.0 6.4 2.3 0.0 0.0 1.4 8.1 -999.9
ACBB_Mons 2017 1 11 11 2.9 10.7 1.2 0.1 1.0 3.7 9.6 -999.9
ACBB_Mons 2017 1 12 12 4.1 7.6 1.5 0.6 9.0 6.0 8.3 -999.9
ACBB_Mons 2017 1 13 13 0.5 4.1 2.9 0.2 1.5 5.0 6.5 -999.9
ACBB_Mons 2017 1 14 14 -0.2 4.1 2.9 0.2 0.0 2.8 6.2 -999.9
ACBB_Mons 2017 1 15 15 -1.0 2.0 2.2 0.0 1.0 1.6 6.4 -999.9
ACBB_Mons 2017 1 16 16 -0.6 2.4 1.8 0.1 0.0 1.6 6.2 -999.9
ACBB_Mons 2017 1 17 17 -3.7 -0.7 5.1 0.0 0.0 2.5 4.9 -999.9
ACBB_Mons 2017 1 18 18 -5.1 0.3 8.6 0.0 0.0 3.1 4.7 -999.9
ACBB_Mons 2017 1 19 19 -4.6 1.7 6.8 0.0 0.0 3.0 4.6 -999.9
ACBB_Mons 2017 1 20 20 -4.5 2.4 6.4 0.0 0.0 2.1 4.4 -999.9
ACBB_Mons 2017 1 21 21 -4.3 1.0 6.3 0.0 0.0 2.1 4.3 -999.9
ACBB_Mons 2017 1 22 22 -5.7 3.3 7.1 0.0 0.0 0.9 4.8 -999.9
ACBB_Mons 2017 1 23 23 -3.7 0.0 1.8 0.0 0.0 1.3 5.5 -999.9
ACBB_Mons 2017 1 24 24 -2.6 0.4 2.0 0.0 0.0 1.1 5.8 -999.9
ACBB_Mons 2017 1 25 25 -1.8 -0.4 1.6 0.2 0.0 2.6 5.3 -999.9
ACBB_Mons 2017 1 26 26 -6.2 1.0 6.6 0.0 0.0 4.4 4.4 -999.9
ACBB_Mons 2017 1 27 27 -3.5 5.9 3.9 0.2 0.0 4.2 6.1 -999.9
ACBB_Mons 2017 1 28 28 2.5 10.2 3.7 0.6 0.0 3.6 7.9 -999.9
ACBB_Mons 2017 1 29 29 1.3 6.2 3.2 0.0 19.0 3.7 8.0 -999.9
ACBB_Mons 2017 1 30 30 4.4 9.5 1.6 0.1 2.0 2.9 9.9 -999.9
ACBB_Mons 2017 1 31 31 4.6 7.8 2.4 0.2 0.5 2.0 9.3 -999.9
ACBB_Mons 2017 2 1 32 5.1 10.1 2.1 0.3 0.5 4.0 10.2 -999.9
ACBB_Mons 2017 2 2 33 6.5 12.5 3.9 0.4 0.0 4.1 11.1 -999.9
ACBB_Mons 2017 2 3 34 6.7 11.0 5.5 0.6 1.0 5.0 9.9 -999.9
ACBB_Mons 2017 2 4 35 3.7 6.2 1.4 0.1 13.0 3.4 8.6 -999.9
ACBB_Mons 2017 2 5 36 3.5 6.2 1.9 0.0 3.0 3.1 8.9 -999.9
ACBB_Mons 2017 2 6 37 4.4 8.5 5.4 0.4 4.5 2.4 8.4 -999.9
ACBB_Mons 2017 2 7 38 4.3 8.6 2.0 0.4 0.5 2.5 8.8 -999.9
ACBB_Mons 2017 2 8 39 2.8 4.9 1.3 0.1 0.0 2.8 7.9 -999.9
ACBB_Mons 2017 2 9 40 1.7 6.0 4.3 0.4 0.0 2.5 7.2 -999.9
ACBB_Mons 2017 2 10 41 -0.6 0.1 2.2 0.2 0.0 2.1 5.8 -999.9
ACBB_Mons 2017 2 11 42 -0.7 0.8 0.7 0.0 1.5 1.4 6.1 -999.9
ACBB_Mons 2017 2 12 43 0.0 7.8 3.3 0.4 0.0 2.6 7.6 -999.9
ACBB_Mons 2017 2 13 44 1.8 8.4 9.3 0.8 0.0 5.0 7.1 -999.9
ACBB_Mons 2017 2 14 45 2.1 11.3 8.3 1.0 0.0 5.1 7.9 -999.9
ACBB_Mons 2017 2 15 46 2.8 15.5 9.1 0.7 0.0 3.0 9.8 -999.9
ACBB_Mons 2017 2 16 47 2.3 11.5 5.4 0.3 0.0 0.7 9.4 -999.9
ACBB_Mons 2017 2 17 48 3.3 10.5 5.6 0.3 0.0 1.9 9.5 -999.9
ACBB_Mons 2017 2 18 49 0.5 6.1 4.0 0.2 0.0 1.1 7.8 -999.9
ACBB_Mons 2017 2 19 50 -1.4 10.2 6.8 0.2 0.0 2.2 8.7 -999.9
ACBB_Mons 2017 2 20 51 7.2 11.1 1.8 0.1 0.5 4.1 11.6 -999.9
ACBB_Mons 2017 2 21 52 9.1 11.5 2.8 0.4 1.5 5.0 12.2 -999.9
ACBB_Mons 2017 2 22 53 9.4 11.0 2.7 0.8 1.5 6.9 11.5 -999.9
ACBB_Mons 2017 2 23 54 8.0 11.8 4.5 2.0 1.5 8.1 9.6 -999.9
ACBB_Mons 2017 2 24 55 3.7 7.9 6.4 0.8 0.5 2.3 7.6 -999.9
ACBB_Mons 2017 2 25 56 -1.0 9.7 8.1 0.6 0.0 3.0 7.4 -999.9
ACBB_Mons 2017 2 26 57 5.8 11.5 4.7 0.9 0.0 4.3 10.0 -999.9
ACBB_Mons 2017 2 27 58 3.7 10.7 2.9 0.7 8.0 7.1 9.5 -999.9
ACBB_Mons 2017 2 28 59 2.9 7.7 5.8 1.0 3.5 5.7 7.7 -999.9
ACBB_Mons 2017 3 1 60 4.3 9.9 3.2 0.7 3.5 5.3 9.4 -999.9
ACBB_Mons 2017 3 2 61 4.5 11.0 11.2 1.6 1.5 4.8 7.9 -999.9
ACBB_Mons 2017 3 3 62 2.8 12.5 5.8 0.9 3.5 3.7 9.4 -999.9
ACBB_Mons 2017 3 4 63 7.2 9.4 2.4 0.4 6.5 3.4 10.4 -999.9
ACBB_Mons 2017 3 5 64 3.5 7.5 3.3 0.6 9.0 5.4 8.4 -999.9
ACBB_Mons 2017 3 6 65 5.1 9.6 7.7 1.1 0.0 4.3 8.9 -999.9
ACBB_Mons 2017 3 7 66 1.5 10.1 9.8 0.8 2.0 2.2 8.4 -999.9
ACBB_Mons 2017 3 8 67 2.0 12.2 2.6 0.0 6.0 4.6 11.5 -999.9
ACBB_Mons 2017 3 9 68 10.5 14.2 6.2 1.2 1.5 3.3 12.6 -999.9
ACBB_Mons 2017 3 10 69 1.2 13.4 13.8 1.1 0.0 1.7 9.1 -999.9
ACBB_Mons 2017 3 11 70 3.1 14.4 12.9 1.4 0.0 2.0 8.8 -999.9
ACBB_Mons 2017 3 12 71 4.8 14.6 12.2 1.4 0.0 1.8 9.4 -999.9
ACBB_Mons 2017 3 13 72 3.6 12.8 9.1 1.0 0.0 2.0 9.9 -999.9
ACBB_Mons 2017 3 14 73 0.1 12.6 10.6 0.7 0.0 1.9 9.9 -999.9
ACBB_Mons 2017 3 15 74 8.2 16.8 12.7 1.5 0.0 0.9 11.6 -999.9
ACBB_Mons 2017 3 16 75 4.8 18.1 15.9 1.6 0.0 1.2 11.1 -999.9
ACBB_Mons 2017 3 17 76 6.3 11.8 10.6 1.6 1.0 3.6 9.4 -999.9
ACBB_Mons 2017 3 18 77 6.6 11.7 2.8 0.2 5.0 6.0 12.0 -999.9
ACBB_Mons 2017 3 19 78 10.3 12.3 4.8 1.4 0.0 5.1 11.5 -999.9
ACBB_Mons 2017 3 20 79 9.0 12.1 5.8 1.5 0.5 5.0 10.7 -999.9
ACBB_Mons 2017 3 21 80 7.0 10.2 10.2 1.7 0.5 2.8 8.5 -999.9
ACBB_Mons 2017 3 22 81 1.1 12.1 12.3 1.8 0.0 4.0 7.5 -999.9
ACBB_Mons 2017 3 23 82 3.9 14.6 10.7 1.7 0.0 3.5 9.3 -999.9
ACBB_Mons 2017 3 24 83 7.5 13.3 10.8 1.8 0.0 3.0 9.8 -999.9
ACBB_Mons 2017 3 25 84 4.1 16.1 17.9 3.1 0.0 4.4 7.7 -999.9
ACBB_Mons 2017 3 26 85 4.7 16.8 18.1 2.8 0.0 2.8 7.7 -999.9
ACBB_Mons 2017 3 27 86 5.8 17.3 18.8 2.7 0.0 2.2 8.2 -999.9
ACBB_Mons 2017 3 28 87 4.4 18.7 17.1 2.3 0.0 1.9 9.7 -999.9
ACBB_Mons 2017 3 29 88 5.7 17.7 10.2 1.8 0.0 2.0 10.7 -999.9
ACBB_Mons 2017 3 30 89 7.7 21.6 18.9 3.0 0.0 2.4 11.2 -999.9
ACBB_Mons 2017 3 31 90 9.2 18.4 10.3 2.3 0.0 2.5 11.1 -999.9
ACBB_Mons 2017 4 1 91 8.8 15.7 13.1 2.1 0.0 1.9 10.9 -999.9
ACBB_Mons 2017 4 2 92 4.2 17.0 18.1 2.1 0.5 1.2 10.1 -999.9
ACBB_Mons 2017 4 3 93 3.7 18.2 18.3 2.2 0.0 0.9 9.6 -999.9
ACBB_Mons 2017 4 4 94 5.2 16.9 16.7 2.3 0.0 2.0 10.3 -999.9
ACBB_Mons 2017 4 5 95 6.5 14.8 14.7 2.4 0.0 2.9 9.3 -999.9
ACBB_Mons 2017 4 6 96 2.6 12.8 14.3 1.8 0.0 1.6 8.1 -999.9
ACBB_Mons 2017 4 7 97 0.2 17.1 20.0 2.2 0.0 1.2 9.1 -999.9
ACBB_Mons 2017 4 8 98 3.6 17.7 22.0 2.7 0.0 1.4 9.0 -999.9
ACBB_Mons 2017 4 9 99 2.5 23.5 22.4 2.9 0.0 0.7 9.1 -999.9
ACBB_Mons 2017 4 10 100 7.7 15.2 16.1 2.7 0.0 2.6 9.3 -999.9
ACBB_Mons 2017 4 11 101 2.8 16.0 19.9 2.5 0.0 1.0 8.0 -999.9
ACBB_Mons 2017 4 12 102 0.9 16.9 21.1 2.7 0.0 2.8 9.0 -999.9
ACBB_Mons 2017 4 13 103 4.4 14.8 15.3 2.3 0.0 1.9 8.8 -999.9
ACBB_Mons 2017 4 14 104 3.4 13.4 11.8 1.7 0.0 1.4 8.7 -999.9
ACBB_Mons 2017 4 15 105 5.7 14.5 8.1 1.8 0.5 2.5 9.7 -999.9
ACBB_Mons 2017 4 16 106 2.7 14.2 13.8 2.2 0.0 2.4 8.2 -999.9
ACBB_Mons 2017 4 17 107 6.9 11.4 10.8 2.1 0.0 2.3 8.3 -999.9
ACBB_Mons 2017 4 18 108 -0.2 11.8 19.0 2.3 0.5 1.9 6.8 -999.9
ACBB_Mons 2017 4 19 109 0.8 10.0 25.1 3.3 0.0 2.8 5.0 -999.9
ACBB_Mons 2017 4 20 110 -2.0 12.6 23.7 2.7 0.0 1.0 4.8 -999.9
ACBB_Mons 2017 4 21 111 -1.2 16.0 15.4 2.0 0.0 1.5 8.8 -999.9
ACBB_Mons 2017 4 22 112 8.6 12.5 12.6 2.2 0.0 1.8 9.7 -999.9
ACBB_Mons 2017 4 23 113 -0.1 13.2 18.9 2.3 0.0 1.2 6.9 -999.9
ACBB_Mons 2017 4 24 114 0.3 16.5 21.6 2.8 0.0 1.4 7.6 -999.9
ACBB_Mons 2017 4 25 115 4.9 11.4 20.2 3.3 0.0 2.5 5.7 -999.9
ACBB_Mons 2017 4 26 116 -1.5 10.7 17.9 2.3 0.0 2.2 6.3 -999.9
ACBB_Mons 2017 4 27 117 -0.4 11.2 17.2 2.3 0.0 1.9 6.4 -999.9
ACBB_Mons 2017 4 28 118 1.9 13.7 18.8 2.6 2.0 1.9 7.9 -999.9
ACBB_Mons 2017 4 29 119 3.6 16.4 26.3 3.7 0.0 1.8 7.4 -999.9
ACBB_Mons 2017 4 30 120 6.0 19.3 18.6 4.1 2.5 3.7 8.6 -999.9
ACBB_Mons 2017 5 1 121 7.4 15.0 12.6 2.6 0.5 2.8 9.4 -999.9
ACBB_Mons 2017 5 2 122 2.9 16.7 18.9 2.7 0.5 1.6 9.6 -999.9
ACBB_Mons 2017 5 3 123 8.7 12.0 8.7 1.5 3.0 1.5 11.1 -999.9
ACBB_Mons 2017 5 4 124 8.1 15.4 15.1 2.4 0.0 2.1 11.9 -999.9
ACBB_Mons 2017 5 5 125 6.3 16.2 16.9 2.7 0.0 2.4 10.9 -999.9
ACBB_Mons 2017 5 6 126 6.4 16.1 8.2 1.4 3.0 1.7 12.5 -999.9
ACBB_Mons 2017 5 7 127 9.6 10.6 3.3 0.6 2.5 2.9 11.6 -999.9
ACBB_Mons 2017 5 8 128 7.1 11.1 6.1 1.2 1.0 2.5 10.5 -999.9
ACBB_Mons 2017 5 9 129 3.7 15.3 28.1 3.9 0.5 2.3 8.1 -999.9
ACBB_Mons 2017 5 10 130 3.3 19.4 28.0 4.2 0.0 2.1 8.5 -999.9
ACBB_Mons 2017 5 11 131 7.6 22.8 20.8 3.8 1.5 2.2 12.5 -999.9
ACBB_Mons 2017 5 12 132 12.1 21.6 16.5 3.3 1.5 2.1 14.6 -999.9
ACBB_Mons 2017 5 13 133 10.3 19.4 18.9 3.4 0.0 2.1 12.8 -999.9
ACBB_Mons 2017 5 14 134 8.7 19.6 16.3 3.1 0.0 1.9 11.6 -999.9
ACBB_Mons 2017 5 15 135 4.4 21.6 19.2 3.0 0.0 1.4 12.9 -999.9
ACBB_Mons 2017 5 16 136 13.0 27.4 23.3 4.6 0.0 1.4 15.7 -999.9
ACBB_Mons 2017 5 17 137 15.0 27.8 23.8 5.3 3.5 2.3 16.2 -999.9
ACBB_Mons 2017 5 18 138 14.2 21.4 13.9 2.9 14.5 2.1 16.6 -999.9
ACBB_Mons 2017 5 19 139 9.6 16.1 13.8 2.7 5.0 2.4 11.6 -999.9
ACBB_Mons 2017 5 20 140 6.2 17.8 24.3 3.6 0.0 1.7 11.4 -999.9
ACBB_Mons 2017 5 21 141 7.1 20.8 27.0 4.2 0.0 1.4 11.9 -999.9
ACBB_Mons 2017 5 22 142 10.1 24.2 25.4 4.6 0.0 1.5 13.5 -999.9
ACBB_Mons 2017 5 23 143 12.6 22.3 25.1 4.7 0.0 2.4 14.8 -999.9
ACBB_Mons 2017 5 24 144 13.7 23.8 20.1 3.9 0.0 1.3 16.0 -999.9
ACBB_Mons 2017 5 25 145 12.3 25.6 29.5 5.8 0.0 2.6 13.9 -999.9
ACBB_Mons 2017 5 26 146 14.2 26.8 29.8 6.5 0.0 3.2 14.2 -999.9
ACBB_Mons 2017 5 27 147 15.8 29.4 27.6 6.2 0.0 2.6 18.1 -999.9
ACBB_Mons 2017 5 28 148 15.4 30.9 23.9 5.2 0.0 1.6 20.0 -999.9
ACBB_Mons 2017 5 29 149 18.1 29.1 22.5 5.1 2.5 1.9 21.3 -999.9
ACBB_Mons 2017 5 30 150 15.0 20.7 19.4 4.1 0.0 2.4 15.1 -999.9
ACBB_Mons 2017 5 31 151 7.4 23.9 21.7 3.7 0.0 1.1 14.3 -999.9
ACBB_Mons 2017 6 1 152 12.8 26.7 25.0 4.9 0.0 1.4 15.5 -999.9
ACBB_Mons 2017 6 2 153 13.3 27.3 19.7 4.1 1.0 1.3 17.4 -999.9
ACBB_Mons 2017 6 3 154 14.5 19.6 12.2 2.8 0.0 2.0 15.2 -999.9
ACBB_Mons 2017 6 4 155 8.5 19.5 22.0 3.9 0.0 2.1 11.8 -999.9
ACBB_Mons 2017 6 5 156 10.0 22.7 22.6 4.4 6.5 2.3 12.6 -999.9
ACBB_Mons 2017 6 6 157 11.8 16.9 20.9 4.5 2.0 5.2 12.1 -999.9
ACBB_Mons 2017 6 7 158 9.1 19.3 23.2 4.6 0.0 3.9 11.5 -999.9
ACBB_Mons 2017 6 8 159 10.1 25.3 26.1 5.0 11.0 2.4 14.8 -999.9
ACBB_Mons 2017 6 9 160 14.6 20.7 22.6 4.6 0.5 2.5 14.4 -999.9
ACBB_Mons 2017 6 10 161 11.3 25.8 29.0 5.3 0.0 1.6 16.0 -999.9
ACBB_Mons 2017 6 11 162 13.5 28.1 25.8 5.5 0.0 2.2 16.1 -999.9
ACBB_Mons 2017 6 12 163 10.4 19.4 20.7 4.0 0.0 2.6 12.3 -999.9
ACBB_Mons 2017 6 13 164 6.3 22.3 27.6 4.3 0.0 1.1 13.4 -999.9
ACBB_Mons 2017 6 14 165 13.6 26.7 28.5 5.6 0.0 1.7 15.7 -999.9
ACBB_Mons 2017 6 15 166 14.6 26.3 27.5 5.8 0.0 2.4 16.0 -999.9
ACBB_Mons 2017 6 16 167 9.6 22.0 26.6 4.7 0.0 2.2 13.1 -999.9
ACBB_Mons 2017 6 17 168 11.2 26.4 22.7 4.3 0.0 1.3 17.1 -999.9
ACBB_Mons 2017 6 18 169 14.9 27.9 29.9 6.0 0.0 1.9 17.9 -999.9
ACBB_Mons 2017 6 19 170 16.5 30.7 30.1 6.4 0.0 1.4 16.8 -999.9
ACBB_Mons 2017 6 20 171 15.0 31.7 28.0 5.9 0.0 1.3 18.7 -999.9
ACBB_Mons 2017 6 21 172 17.9 34.4 27.0 6.4 0.0 1.5 20.1 -999.9
ACBB_Mons 2017 6 22 173 18.4 31.5 24.9 6.2 0.0 2.3 19.5 -999.9
ACBB_Mons 2017 6 23 174 11.3 22.4 18.6 3.8 0.0 2.3 14.6 -999.9
ACBB_Mons 2017 6 24 175 11.7 25.5 25.5 5.2 0.0 2.6 15.1 -999.9
ACBB_Mons 2017 6 25 176 15.1 23.6 17.0 4.0 0.5 2.7 16.2 -999.9
ACBB_Mons 2017 6 26 177 12.9 25.2 26.7 5.1 0.0 1.7 15.6 -999.9
ACBB_Mons 2017 6 27 178 14.8 24.1 10.4 2.6 3.5 1.5 17.8 -999.9
ACBB_Mons 2017 6 28 179 16.4 24.2 14.1 3.5 1.5 2.1 17.9 -999.9
ACBB_Mons 2017 6 29 180 13.1 23.2 21.0 4.5 0.0 2.5 14.2 -999.9
ACBB_Mons 2017 6 30 181 12.4 22.5 20.9 4.1 4.0 1.9 14.9 -999.9
ACBB_Mons 2017 7 1 182 13.8 22.2 12.9 3.3 7.5 2.7 15.2 -999.9
ACBB_Mons 2017 7 2 183 11.5 21.5 14.0 2.8 1.5 1.9 16.0 -999.9
ACBB_Mons 2017 7 3 184 9.5 23.0 22.6 4.1 0.0 2.2 14.5 -999.9
ACBB_Mons 2017 7 4 185 10.7 26.8 24.9 4.6 0.0 1.2 15.8 -999.9
ACBB_Mons 2017 7 5 186 14.2 30.6 29.0 6.1 0.0 1.7 16.3 -999.9
ACBB_Mons 2017 7 6 187 17.4 31.0 12.6 4.0 2.5 2.2 19.3 -999.9
ACBB_Mons 2017 7 7 188 14.7 30.4 27.4 6.0 0.0 1.9 15.9 -999.9
ACBB_Mons 2017 7 8 189 12.6 27.5 28.2 5.6 0.0 2.1 16.3 -999.9
ACBB_Mons 2017 7 9 190 14.8 28.7 24.2 5.5 3.5 2.0 15.4 -999.9
ACBB_Mons 2017 7 10 191 14.7 21.8 10.8 2.5 8.5 1.9 17.1 -999.9
ACBB_Mons 2017 7 11 192 12.5 24.2 16.3 3.6 0.5 1.9 15.0 -999.9
ACBB_Mons 2017 7 12 193 15.9 21.5 16.8 4.3 1.5 3.6 15.2 -999.9
ACBB_Mons 2017 7 13 194 9.6 23.7 23.2 4.4 0.0 1.6 12.3 -999.9
ACBB_Mons 2017 7 14 195 9.8 22.8 19.4 3.9 0.0 2.5 13.4 -999.9
ACBB_Mons 2017 7 15 196 9.8 24.9 16.8 3.5 0.0 1.7 14.3 -999.9
ACBB_Mons 2017 7 16 197 16.5 27.0 21.3 4.9 0.0 2.2 17.7 -999.9
ACBB_Mons 2017 7 17 198 12.0 26.3 20.8 4.1 0.0 1.7 17.6 -999.9
ACBB_Mons 2017 7 18 199 15.0 32.3 24.0 5.9 0.0 2.7 17.8 -999.9
ACBB_Mons 2017 7 19 200 19.8 31.3 15.2 5.4 1.0 3.7 19.4 -999.9
ACBB_Mons 2017 7 20 201 17.8 22.3 13.1 4.3 1.0 3.8 15.2 -999.9
ACBB_Mons 2017 7 21 202 9.1 26.3 24.0 5.1 0.0 2.8 11.9 -999.9
ACBB_Mons 2017 7 22 203 13.7 22.3 13.4 3.6 3.0 3.4 14.5 -999.9
ACBB_Mons 2017 7 23 204 11.9 19.5 10.1 2.6 2.5 3.5 14.1 -999.9
ACBB_Mons 2017 7 24 205 11.6 21.2 12.8 2.8 6.0 3.2 15.6 -999.9
ACBB_Mons 2017 7 25 206 13.8 22.4 18.8 4.2 0.0 3.3 15.0 -999.9
ACBB_Mons 2017 7 26 207 10.0 24.6 17.4 3.5 1.5 3.2 16.7 -999.9
ACBB_Mons 2017 7 27 208 15.1 22.2 16.1 3.9 0.0 2.8 14.5 -999.9
ACBB_Mons 2017 7 28 209 10.9 23.1 13.2 3.5 0.0 3.6 13.9 -999.9
ACBB_Mons 2017 7 29 210 16.8 28.3 15.6 5.2 0.0 4.4 16.8 -999.9
ACBB_Mons 2017 7 30 211 18.8 24.4 17.3 5.4 0.0 4.3 15.3 -999.9
ACBB_Mons 2017 7 31 212 10.7 23.6 17.9 3.7 0.0 2.2 13.5 -999.9
ACBB_Mons 2017 8 1 213 13.8 24.6 16.2 3.7 0.0 1.6 14.0 -999.9
ACBB_Mons 2017 8 2 214 12.4 24.6 9.1 2.7 2.0 1.8 14.4 -999.9
ACBB_Mons 2017 8 3 215 16.9 25.9 18.0 5.4 0.5 4.5 15.7 -999.9
ACBB_Mons 2017 8 4 216 15.4 24.5 13.4 3.9 8.0 3.2 15.5 -999.9
ACBB_Mons 2017 8 5 217 14.1 22.5 19.3 4.2 0.0 3.0 14.5 -999.9
ACBB_Mons 2017 8 6 218 7.5 23.0 22.0 3.7 0.0 1.5 12.1 -999.9
ACBB_Mons 2017 8 7 219 8.5 25.1 24.2 4.2 0.0 1.2 11.3 -999.9
ACBB_Mons 2017 8 8 220 14.4 20.1 7.8 2.3 9.0 2.3 14.7 -999.9
ACBB_Mons 2017 8 9 221 10.4 19.8 18.3 3.1 0.0 2.0 14.1 -999.9
ACBB_Mons 2017 8 10 222 10.3 20.5 13.5 2.5 1.0 1.4 14.0 -999.9
ACBB_Mons 2017 8 11 223 12.2 22.3 15.9 3.4 0.5 2.5 14.4 -999.9
ACBB_Mons 2017 8 12 224 13.0 18.7 5.4 1.5 5.0 3.7 15.9 -999.9
ACBB_Mons 2017 8 13 225 10.7 24.0 20.4 3.7 0.5 1.6 14.4 -999.9
ACBB_Mons 2017 8 14 226 11.3 25.3 23.0 4.2 2.5 1.7 14.3 -999.9
ACBB_Mons 2017 8 15 227 15.4 25.0 14.7 3.6 0.0 2.8 17.2 -999.9
ACBB_Mons 2017 8 16 228 10.5 24.8 19.6 3.5 0.0 1.2 14.4 -999.9
ACBB_Mons 2017 8 17 229 15.9 21.5 7.8 2.0 6.5 3.0 18.9 -999.9
ACBB_Mons 2017 8 18 230 17.3 21.8 10.2 3.0 3.0 3.3 17.0 -999.9
ACBB_Mons 2017 8 19 231 11.8 20.3 19.1 4.0 4.0 3.9 12.8 -999.9
ACBB_Mons 2017 8 20 232 8.1 21.1 17.8 3.0 0.0 1.9 12.4 -999.9
ACBB_Mons 2017 8 21 233 13.6 17.2 6.1 1.4 1.5 2.6 16.2 -999.9
ACBB_Mons 2017 8 22 234 15.7 23.2 13.6 2.8 0.0 1.6 18.2 -999.9
ACBB_Mons 2017 8 23 235 16.6 27.6 18.7 4.7 0.0 3.1 16.6 -999.9
ACBB_Mons 2017 8 24 236 10.9 23.7 16.2 2.9 0.0 1.4 14.8 -999.9
ACBB_Mons 2017 8 25 237 14.1 24.9 11.7 2.7 0.0 1.7 16.5 -999.9
ACBB_Mons 2017 8 26 238 16.2 27.1 14.3 3.1 0.0 1.1 18.2 -999.9
ACBB_Mons 2017 8 27 239 17.0 27.9 16.4 3.6 0.0 1.4 17.5 -999.9
ACBB_Mons 2017 8 28 240 15.3 29.4 19.1 3.9 0.0 1.2 17.4 -999.9
ACBB_Mons 2017 8 29 241 16.2 32.5 19.7 4.6 0.0 1.9 18.1 -999.9
ACBB_Mons 2017 8 30 242 15.3 23.0 5.7 2.0 3.0 3.1 18.1 -999.9
ACBB_Mons 2017 8 31 243 10.0 20.5 17.5 3.0 1.0 2.5 12.8 -999.9
ACBB_Mons 2017 9 1 244 9.9 20.0 10.3 1.9 0.5 1.2 13.6 -999.9
ACBB_Mons 2017 9 2 245 9.1 20.3 15.7 2.6 0.5 1.5 12.4 -999.9
ACBB_Mons 2017 9 3 246 5.8 21.0 17.0 2.6 0.0 2.1 12.0 -999.9
ACBB_Mons 2017 9 4 247 14.0 22.6 6.9 2.1 0.0 2.3 15.7 -999.9
ACBB_Mons 2017 9 5 248 13.2 22.5 8.8 2.1 0.5 3.5 17.3 -999.9
ACBB_Mons 2017 9 6 249 12.3 18.2 9.9 2.2 1.0 3.3 13.8 -999.9
ACBB_Mons 2017 9 7 250 11.3 20.8 7.7 2.2 0.0 2.8 13.4 -999.9
ACBB_Mons 2017 9 8 251 14.7 17.6 3.6 1.7 7.0 4.9 15.1 -999.9
ACBB_Mons 2017 9 9 252 12.8 17.5 12.4 2.5 5.0 3.3 13.3 -999.9
ACBB_Mons 2017 9 10 253 7.5 19.0 12.3 2.1 0.5 4.6 13.2 -999.9
ACBB_Mons 2017 9 11 254 11.3 17.7 12.5 3.2 1.5 6.7 12.5 -999.9
ACBB_Mons 2017 9 12 255 11.2 17.3 13.1 2.5 2.5 4.7 13.1 -999.9
ACBB_Mons 2017 9 13 256 12.0 18.2 7.4 2.7 1.5 6.9 13.4 -999.9
ACBB_Mons 2017 9 14 257 9.9 14.5 11.3 2.0 4.5 4.9 12.1 -999.9
ACBB_Mons 2017 9 15 258 9.4 16.0 12.6 1.9 0.5 1.8 11.3 -999.9
ACBB_Mons 2017 9 16 259 4.5 16.1 11.2 1.5 0.5 1.3 10.5 -999.9
ACBB_Mons 2017 9 17 260 5.6 15.5 12.0 1.5 2.0 1.3 10.9 -999.9
ACBB_Mons 2017 9 18 261 5.8 16.8 10.3 1.4 5.0 1.6 11.4 -999.9
ACBB_Mons 2017 9 19 262 8.0 16.9 11.7 1.7 0.5 2.0 11.7 -999.9
ACBB_Mons 2017 9 20 263 4.2 18.6 12.9 1.6 0.0 1.7 11.1 -999.9
ACBB_Mons 2017 9 21 264 7.5 19.9 16.0 2.3 0.0 2.5 11.6 -999.9
ACBB_Mons 2017 9 22 265 8.6 19.8 10.1 1.6 0.0 1.2 12.4 -999.9
ACBB_Mons 2017 9 23 266 4.3 19.7 12.1 1.5 0.5 0.8 11.1 -999.9
ACBB_Mons 2017 9 24 267 8.2 22.0 15.8 2.4 0.0 2.3 12.5 -999.9
ACBB_Mons 2017 9 25 268 12.6 20.0 7.9 2.0 0.0 2.5 13.1 -999.9
ACBB_Mons 2017 9 26 269 11.9 21.3 11.7 1.9 0.0 1.3 13.5 -999.9
ACBB_Mons 2017 9 27 270 9.8 21.2 11.5 1.8 0.5 2.1 14.1 -999.9
ACBB_Mons 2017 9 28 271 13.6 19.6 5.8 1.3 0.5 2.5 16.3 -999.9
ACBB_Mons 2017 9 29 272 12.4 24.7 11.1 2.3 1.0 3.3 16.8 -999.9
ACBB_Mons 2017 9 30 273 12.9 18.1 10.4 1.8 0.0 1.9 12.8 -999.9
ACBB_Mons 2017 10 1 274 11.6 16.1 4.7 1.3 0.5 4.9 13.9 -999.9
ACBB_Mons 2017 10 2 275 14.5 20.9 9.2 2.7 11.0 4.8 14.4 -999.9
ACBB_Mons 2017 10 3 276 8.0 16.6 12.4 1.5 0.0 2.1 11.3 -999.9
ACBB_Mons 2017 10 4 277 7.1 16.4 8.7 1.3 0.0 2.7 11.3 -999.9
ACBB_Mons 2017 10 5 278 9.8 16.8 6.1 1.8 1.0 3.9 11.7 -999.9
ACBB_Mons 2017 10 6 279 5.7 14.8 12.1 1.5 0.0 2.5 9.4 -999.9
ACBB_Mons 2017 10 7 280 3.3 14.4 5.4 0.9 1.0 4.1 10.4 -999.9
ACBB_Mons 2017 10 8 281 10.2 16.0 5.3 0.9 0.0 1.3 12.8 -999.9
ACBB_Mons 2017 10 9 282 5.2 17.7 9.7 1.0 1.0 1.7 11.8 -999.9
ACBB_Mons 2017 10 10 283 12.5 17.0 6.4 1.3 0.0 3.0 14.0 -999.9
ACBB_Mons 2017 10 11 284 12.0 16.5 5.2 1.5 0.0 4.1 13.1 -999.9
ACBB_Mons 2017 10 12 285 10.2 19.4 10.8 1.4 0.0 2.8 13.7 -999.9
ACBB_Mons 2017 10 13 286 12.4 21.7 10.1 1.6 0.0 2.3 15.1 -999.9
ACBB_Mons 2017 10 14 287 10.4 22.4 11.9 1.4 0.5 1.6 14.4 -999.9
ACBB_Mons 2017 10 15 288 10.0 24.1 11.5 1.7 0.0 2.9 14.8 -999.9
ACBB_Mons 2017 10 16 289 13.1 24.5 10.3 1.9 0.0 2.8 15.7 -999.9
ACBB_Mons 2017 10 17 290 10.2 19.7 7.6 0.9 0.5 1.1 14.8 -999.9
ACBB_Mons 2017 10 18 291 9.3 21.0 9.5 1.2 0.0 2.3 14.2 -999.9
ACBB_Mons 2017 10 19 292 10.6 22.8 9.0 1.9 4.0 4.3 14.3 -999.9
ACBB_Mons 2017 10 20 293 10.5 15.7 7.6 1.7 0.0 5.3 11.7 -999.9
ACBB_Mons 2017 10 21 294 9.1 17.2 7.8 1.8 4.0 6.1 11.7 -999.9
ACBB_Mons 2017 10 22 295 8.3 12.1 6.8 1.2 4.0 5.4 10.4 -999.9
ACBB_Mons 2017 10 23 296 6.9 13.7 2.7 0.2 1.5 3.3 12.9 -999.9
ACBB_Mons 2017 10 24 297 12.4 17.9 2.9 0.5 2.0 3.2 16.8 -999.9
ACBB_Mons 2017 10 25 298 13.6 18.1 5.6 0.9 0.0 2.2 15.2 -999.9
ACBB_Mons 2017 10 26 299 9.6 13.4 3.4 0.3 3.5 1.6 13.4 -999.9
ACBB_Mons 2017 10 27 300 9.8 14.9 8.5 0.8 0.0 2.4 11.9 -999.9
ACBB_Mons 2017 10 28 301 2.1 13.8 7.6 0.2 0.0 3.8 10.7 -999.9
ACBB_Mons 2017 10 29 302 9.5 14.3 5.7 1.2 1.0 4.3 11.1 -999.9
ACBB_Mons 2017 10 30 303 4.4 11.9 7.5 0.4 0.0 1.4 8.9 -999.9
ACBB_Mons 2017 10 31 304 -0.1 11.4 6.3 0.3 0.5 1.0 8.1 -999.9
ACBB_Mons 2017 11 1 305 2.1 13.8 7.5 0.4 0.0 1.9 8.7 -999.9
ACBB_Mons 2017 11 2 306 3.8 12.4 3.8 0.2 0.0 1.1 10.5 -999.9
ACBB_Mons 2017 11 3 307 7.6 13.8 5.0 0.5 0.0 1.6 11.2 -999.9
ACBB_Mons 2017 11 4 308 6.8 14.2 2.3 0.5 4.0 4.0 12.1 -999.9
ACBB_Mons 2017 11 5 309 4.3 10.2 6.1 0.4 0.5 2.5 8.4 -999.9
ACBB_Mons 2017 11 6 310 2.2 10.4 7.4 0.3 0.0 1.5 7.5 -999.9
ACBB_Mons 2017 11 7 311 -2.6 10.1 8.5 0.0 0.5 0.5 6.3 -999.9
ACBB_Mons 2017 11 8 312 -1.3 7.7 3.5 0.2 0.5 0.8 7.2 -999.9
ACBB_Mons 2017 11 9 313 4.1 11.1 5.1 0.2 1.0 1.8 9.2 -999.9
ACBB_Mons 2017 11 10 314 7.4 12.7 2.4 0.7 3.0 3.1 10.5 -999.9
ACBB_Mons 2017 11 11 315 5.5 13.2 1.8 0.3 14.0 3.2 11.3 -999.9
ACBB_Mons 2017 11 12 316 5.8 8.6 4.2 0.5 8.5 4.1 8.7 -999.9
ACBB_Mons 2017 11 13 317 4.7 9.1 5.0 0.4 3.0 3.4 8.3 -999.9
ACBB_Mons 2017 11 14 318 -0.4 8.8 4.7 0.0 1.5 1.7 8.2 -999.9
ACBB_Mons 2017 11 15 319 6.9 9.6 2.2 0.2 0.0 1.9 10.5 -999.9
ACBB_Mons 2017 11 16 320 4.2 9.7 2.7 0.0 0.5 1.3 10.3 -999.9
ACBB_Mons 2017 11 17 321 5.1 10.3 4.7 0.2 0.0 1.3 8.8 -999.9
ACBB_Mons 2017 11 18 322 -1.1 8.7 4.0 0.0 8.0 2.3 8.2 -999.9
ACBB_Mons 2017 11 19 323 2.5 7.8 6.4 0.0 0.0 1.6 7.5 -999.9
ACBB_Mons 2017 11 20 324 -0.8 9.7 1.3 0.0 1.0 3.4 9.1 -999.9
ACBB_Mons 2017 11 21 325 8.8 10.4 2.5 0.6 0.0 4.9 10.7 -999.9
ACBB_Mons 2017 11 22 326 7.9 13.1 6.0 0.6 0.0 4.7 10.0 -999.9
ACBB_Mons 2017 11 23 327 7.5 14.9 2.9 0.9 8.0 5.3 11.1 -999.9
ACBB_Mons 2017 11 24 328 7.3 10.6 4.1 0.1 1.0 2.1 10.0 -999.9
ACBB_Mons 2017 11 25 329 1.7 6.3 2.6 0.1 2.0 2.2 7.6 -999.9
ACBB_Mons 2017 11 26 330 1.1 7.5 5.4 0.0 0.0 2.9 7.0 -999.9
ACBB_Mons 2017 11 27 331 1.3 8.1 0.7 0.0 17.5 5.5 9.1 -999.9
ACBB_Mons 2017 11 28 332 3.2 7.3 3.4 0.0 2.0 2.5 8.1 -999.9
ACBB_Mons 2017 11 29 333 0.1 5.0 2.2 0.1 0.5 2.7 7.0 -999.9
ACBB_Mons 2017 11 30 334 1.0 4.0 3.5 0.1 2.5 3.5 6.5 -999.9
ACBB_Mons 2017 12 1 335 0.2 2.6 3.4 0.0 2.5 1.9 6.4 -999.9
ACBB_Mons 2017 12 2 336 -2.3 -1.0 1.7 0.0 0.0 1.4 5.4 -999.9
ACBB_Mons 2017 12 3 337 -2.6 4.0 1.0 0.0 1.5 2.3 6.2 -999.9
ACBB_Mons 2017 12 4 338 1.6 6.5 1.6 0.0 0.0 1.0 8.4 -999.9
ACBB_Mons 2017 12 5 339 1.7 6.1 1.2 0.0 0.0 1.3 8.6 -999.9
ACBB_Mons 2017 12 6 340 5.2 7.3 1.5 0.3 0.0 2.7 8.7 -999.9
ACBB_Mons 2017 12 7 341 2.1 8.5 0.9 0.5 4.0 6.3 8.0 -999.9
ACBB_Mons 2017 12 8 342 0.1 5.5 3.7 0.0 2.0 2.9 6.2 -999.9
ACBB_Mons 2017 12 9 343 -2.1 3.0 5.4 0.0 1.0 2.7 5.8 -999.9
ACBB_Mons 2017 12 10 344 0.0 9.6 2.4 0.4 10.5 6.4 7.8 -999.9
ACBB_Mons 2017 12 11 345 0.9 8.9 1.3 0.4 11.0 5.7 8.1 -999.9
ACBB_Mons 2017 12 12 346 0.4 5.4 4.7 0.0 2.0 2.8 6.6 -999.9
ACBB_Mons 2017 12 13 347 0.9 8.8 0.9 0.0 10.5 6.4 8.6 -999.9
ACBB_Mons 2017 12 14 348 3.2 5.6 1.1 0.6 8.5 6.3 7.3 -999.9
ACBB_Mons 2017 12 15 349 0.8 4.1 1.0 0.0 2.0 3.4 7.4 -999.9
ACBB_Mons 2017 12 16 350 0.9 4.6 3.7 0.0 1.5 2.8 7.0 -999.9
ACBB_Mons 2017 12 17 351 -0.9 7.5 4.9 0.0 3.0 2.4 6.9 -999.9
ACBB_Mons 2017 12 18 352 2.4 8.0 3.2 0.0 0.5 3.1 8.4 -999.9
ACBB_Mons 2017 12 19 353 0.7 6.2 2.4 0.0 0.0 1.7 7.8 -999.9
ACBB_Mons 2017 12 20 354 3.9 8.4 1.3 0.0 1.0 1.4 10.0 -999.9
ACBB_Mons 2017 12 21 355 7.0 10.1 1.2 0.0 2.0 2.5 11.4 -999.9
ACBB_Mons 2017 12 22 356 8.2 10.0 1.4 0.1 0.0 1.4 11.2 -999.9
ACBB_Mons 2017 12 23 357 8.2 9.5 0.9 0.0 0.0 2.9 11.1 -999.9
ACBB_Mons 2017 12 24 358 7.8 9.0 0.7 0.1 0.5 3.7 10.6 -999.9
ACBB_Mons 2017 12 25 359 4.6 7.1 1.5 0.2 2.5 5.5 8.8 -999.9
ACBB_Mons 2017 12 26 360 4.0 7.0 3.1 0.0 3.0 6.2 8.4 -999.9
ACBB_Mons 2017 12 27 361 3.1 6.0 1.5 0.3 2.0 5.4 7.8 -999.9
ACBB_Mons 2017 12 28 362 -0.3 5.1 4.6 0.0 0.0 2.2 6.3 -999.9
ACBB_Mons 2017 12 29 363 -0.1 9.4 0.9 0.6 7.5 4.9 7.2 -999.9
ACBB_Mons 2017 12 30 364 4.1 14.2 2.2 0.0 5.0 5.8 12.0 -999.9
ACBB_Mons 2017 12 31 365 9.2 14.1 2.6 1.1 6.0 8.3 11.5 -999.9
