clima_RAIMAT 2013 1 1 1 -0.8 9.6 7.7 0.7 0.1 1.1 7.6 400.0 
clima_RAIMAT 2013 1 2 2 -2.1 11.7 7.9 0.7 0.1 1.1 7.6 400.0 
clima_RAIMAT 2013 1 3 3 -3.7 8.5 9.5 0.8 0.1 0.8 6.2 400.0 
clima_RAIMAT 2013 1 4 4 -3.6 9.3 9.0 0.8 0.1 0.8 6.4 400.0 
clima_RAIMAT 2013 1 5 5 -4.1 10.9 9.0 0.8 0.1 0.8 6.9 400.0 
clima_RAIMAT 2013 1 6 6 -3.5 12.0 7.9 0.6 0.1 0.8 7.5 400.0 
clima_RAIMAT 2013 1 7 7 -2.6 9.5 7.1 0.6 0.1 0.6 7.3 400.0 
clima_RAIMAT 2013 1 8 8 -3.3 3.9 3.9 0.3 0.4 0.4 6.1 400.0 
clima_RAIMAT 2013 1 9 9 -2.2 2.9 4.5 0.3 0.2 0.6 6.1 400.0 
clima_RAIMAT 2013 1 10 10 -2.0 14.6 9.2 0.9 0.2 2.1 7.9 400.0 
clima_RAIMAT 2013 1 11 11 -0.5 11.6 9.7 0.9 0.0 1.8 6.9 400.0 
clima_RAIMAT 2013 1 12 12 -3.5 11.3 8.0 0.8 2.5 0.9 7.0 400.0 
clima_RAIMAT 2013 1 13 13 2.1 10.3 6.0 0.8 0.4 3.6 7.6 400.0 
clima_RAIMAT 2013 1 14 14 0.5 9.8 9.1 1.0 0.0 4.0 6.7 400.0 
clima_RAIMAT 2013 1 15 15 2.3 9.2 6.3 0.9 0.0 4.4 7.1 400.0 
clima_RAIMAT 2013 1 16 16 3.0 11.3 5.8 0.9 0.0 5.3 7.5 400.0 
clima_RAIMAT 2013 1 17 17 4.2 11.7 10.4 1.6 0.0 4.6 5.9 400.0 
clima_RAIMAT 2013 1 18 18 1.6 10.2 4.7 0.5 2.7 1.1 8.1 400.0 
clima_RAIMAT 2013 1 19 19 6.5 12.6 1.3 0.4 15.3 2.6 10.6 400.0 
clima_RAIMAT 2013 1 20 20 2.7 9.6 9.2 1.1 2.4 4.3 7.2 400.0 
clima_RAIMAT 2013 1 21 21 0.6 10.4 9.7 1.2 0.0 3.9 6.3 400.0 
clima_RAIMAT 2013 1 22 22 -2.5 5.8 4.7 0.5 0.0 1.3 5.5 400.0 
clima_RAIMAT 2013 1 23 23 0.7 8.2 10.0 1.0 0.0 5.6 6.1 400.0 
clima_RAIMAT 2013 1 24 24 1.7 10.8 10.4 1.0 3.7 3.7 7.2 400.0 
clima_RAIMAT 2013 1 25 25 -1.9 10.1 11.4 1.2 0.0 1.9 5.6 400.0 
clima_RAIMAT 2013 1 26 26 0.4 14.3 11.2 1.5 1.5 3.7 7.6 400.0 
clima_RAIMAT 2013 1 27 27 -1.0 8.9 5.6 0.7 4.2 0.9 7.0 400.0 
clima_RAIMAT 2013 1 28 28 2.8 12.2 11.8 1.4 0.0 4.6 7.5 400.0 
clima_RAIMAT 2013 1 29 29 -0.4 11.6 9.4 1.0 0.0 1.0 7.5 400.0 
clima_RAIMAT 2013 1 30 30 -1.3 15.6 11.1 1.2 0.0 1.5 8.2 400.0 
clima_RAIMAT 2013 1 31 31 2.9 17.3 11.5 1.4 0.0 1.0 10.4 400.0 
clima_RAIMAT 2013 2 1 32 2.3 15.7 10.1 1.3 0.1 1.5 9.4 400.0 
clima_RAIMAT 2013 2 2 33 2.7 10.9 12.2 1.2 0.0 6.4 6.6 400.0 
clima_RAIMAT 2013 2 3 34 -0.2 10.3 13.0 1.6 0.0 4.6 4.4 400.0 
clima_RAIMAT 2013 2 4 35 -2.8 14.3 10.1 1.1 0.0 1.4 7.3 400.0 
clima_RAIMAT 2013 2 5 36 0.1 16.0 11.4 1.5 0.6 2.4 8.4 400.0 
clima_RAIMAT 2013 2 6 37 2.2 9.5 12.8 1.3 0.0 5.9 6.7 400.0 
clima_RAIMAT 2013 2 7 38 0.4 9.9 13.7 1.7 0.0 4.4 5.1 400.0 
clima_RAIMAT 2013 2 8 39 -0.6 8.8 8.0 0.9 0.0 2.4 6.5 400.0 
clima_RAIMAT 2013 2 9 40 -3.2 11.2 13.8 1.6 0.0 2.9 5.4 400.0 
clima_RAIMAT 2013 2 10 41 -1.1 11.5 8.8 1.1 0.7 1.8 6.7 400.0 
clima_RAIMAT 2013 2 11 42 3.0 9.5 10.8 1.3 0.0 5.2 6.4 400.0 
clima_RAIMAT 2013 2 12 43 2.2 10.6 13.0 1.4 0.0 5.8 6.7 400.0 
clima_RAIMAT 2013 2 13 44 2.9 15.0 14.4 1.8 0.0 3.4 7.7 400.0 
clima_RAIMAT 2013 2 14 45 1.0 17.1 14.4 1.8 0.0 2.6 8.6 400.0 
clima_RAIMAT 2013 2 15 46 -1.0 16.3 14.4 1.9 0.0 1.5 7.5 400.0 
clima_RAIMAT 2013 2 16 47 -1.0 13.2 13.1 1.5 0.0 1.3 7.3 400.0 
clima_RAIMAT 2013 2 17 48 3.7 13.4 7.2 0.9 0.0 1.0 9.1 400.0 
clima_RAIMAT 2013 2 18 49 6.9 12.9 5.2 0.7 0.0 1.1 10.2 400.0 
clima_RAIMAT 2013 2 19 50 2.7 13.1 9.7 1.3 0.0 2.7 8.1 400.0 
clima_RAIMAT 2013 2 20 51 -0.5 15.5 13.5 1.5 0.1 1.1 8.7 400.0 
clima_RAIMAT 2013 2 21 52 1.2 16.0 13.0 1.8 0.0 2.6 8.1 400.0 
clima_RAIMAT 2013 2 22 53 4.0 13.8 8.9 1.7 3.4 3.4 6.9 400.0 
clima_RAIMAT 2013 2 23 54 -0.7 7.3 16.5 1.6 9.2 4.3 4.6 400.0 
clima_RAIMAT 2013 2 24 55 -0.8 9.5 16.7 1.9 0.0 4.5 4.2 400.0 
clima_RAIMAT 2013 2 25 56 -1.9 9.7 12.6 1.5 0.0 2.5 4.6 400.0 
clima_RAIMAT 2013 2 26 57 -5.1 7.9 16.8 1.7 0.0 1.1 4.7 400.0 
clima_RAIMAT 2013 2 27 58 -4.5 11.1 16.8 2.0 0.0 1.1 4.6 400.0 
clima_RAIMAT 2013 2 28 59 0.3 9.4 5.7 1.1 0.6 4.1 5.7 400.0 
clima_RAIMAT 2013 3 1 60 1.9 13.2 9.8 1.3 1.7 2.2 7.8 400.0 
clima_RAIMAT 2013 3 2 61 -1.4 13.1 16.7 2.0 0.1 1.4 6.9 400.0 
clima_RAIMAT 2013 3 3 62 -0.7 15.5 17.3 2.4 0.0 1.9 6.6 400.0 
clima_RAIMAT 2013 3 4 63 5.5 13.8 9.3 1.5 0.0 5.4 8.0 400.0 
clima_RAIMAT 2013 3 5 64 9.7 13.7 4.2 0.8 13.8 5.2 11.7 400.0 
clima_RAIMAT 2013 3 6 65 9.0 17.8 15.7 2.1 17.4 2.1 12.6 400.0 
clima_RAIMAT 2013 3 7 66 6.4 18.6 10.2 1.8 0.6 1.9 11.2 400.0 
clima_RAIMAT 2013 3 8 67 8.9 18.1 15.4 2.3 0.4 2.9 10.5 400.0 
clima_RAIMAT 2013 3 9 68 4.8 16.9 13.6 2.0 0.1 1.6 9.9 400.0 
clima_RAIMAT 2013 3 10 69 5.8 15.9 14.3 2.1 0.0 2.2 9.3 400.0 
clima_RAIMAT 2013 3 11 70 4.8 15.5 13.9 2.1 0.0 2.3 8.6 400.0 
clima_RAIMAT 2013 3 12 71 4.4 14.5 18.3 2.4 0.0 3.1 8.2 400.0 
clima_RAIMAT 2013 3 13 72 0.2 8.1 7.9 1.2 0.0 3.8 5.4 400.0 
clima_RAIMAT 2013 3 14 73 0.0 11.4 19.7 2.5 0.0 5.6 4.7 400.0 
clima_RAIMAT 2013 3 15 74 0.7 12.7 19.7 2.5 0.0 2.6 5.1 400.0 
clima_RAIMAT 2013 3 16 75 1.8 12.9 9.8 1.6 0.2 2.1 6.5 400.0 
clima_RAIMAT 2013 3 17 76 7.1 12.0 5.0 0.8 7.2 2.5 10.6 400.0 
clima_RAIMAT 2013 3 18 77 2.9 13.4 16.7 2.1 0.0 3.6 7.5 400.0 
clima_RAIMAT 2013 3 19 78 -0.3 15.6 18.8 2.6 1.7 1.7 6.9 400.0 
clima_RAIMAT 2013 3 20 79 4.0 15.6 20.8 2.7 1.5 3.2 8.4 400.0 
clima_RAIMAT 2013 3 21 80 1.1 18.2 19.3 2.7 0.0 1.1 7.5 400.0 
clima_RAIMAT 2013 3 22 81 3.1 21.2 21.0 3.1 0.3 1.4 9.6 400.0 
clima_RAIMAT 2013 3 23 82 4.6 17.7 18.1 2.5 0.0 1.2 9.5 400.0 
clima_RAIMAT 2013 3 24 83 3.9 18.8 21.6 3.1 0.0 2.6 9.1 400.0 
clima_RAIMAT 2013 3 25 84 7.5 16.6 17.3 2.7 5.0 3.9 9.6 400.0 
clima_RAIMAT 2013 3 26 85 6.0 18.4 17.2 2.5 1.4 3.1 11.5 400.0 
clima_RAIMAT 2013 3 27 86 10.1 18.7 15.3 2.3 0.1 1.4 13.3 400.0 
clima_RAIMAT 2013 3 28 87 9.8 19.8 19.8 3.0 0.1 2.1 12.8 400.0 
clima_RAIMAT 2013 3 29 88 10.0 17.8 11.0 1.7 6.6 1.8 13.5 400.0 
clima_RAIMAT 2013 3 30 89 9.0 17.3 23.1 3.0 0.0 6.3 10.1 400.0 
clima_RAIMAT 2013 3 31 90 6.7 18.3 22.9 3.3 0.0 2.9 8.7 400.0 
clima_RAIMAT 2013 4 1 91 9.2 16.4 16.5 2.4 0.4 4.6 9.9 400.0 
clima_RAIMAT 2013 4 2 92 6.4 17.2 23.3 3.3 0.0 4.8 8.7 400.0 
clima_RAIMAT 2013 4 3 93 2.7 17.9 20.5 3.1 0.7 1.9 8.1 400.0 
clima_RAIMAT 2013 4 4 94 5.9 14.7 13.1 1.9 3.8 2.2 10.0 400.0 
clima_RAIMAT 2013 4 5 95 3.2 12.3 10.8 1.5 0.0 3.7 7.1 400.0 
clima_RAIMAT 2013 4 6 96 2.0 14.4 19.5 2.6 0.0 4.1 6.3 400.0 
clima_RAIMAT 2013 4 7 97 -0.2 14.8 21.0 2.7 0.0 2.2 6.6 400.0 
clima_RAIMAT 2013 4 8 98 5.8 17.0 20.9 3.2 0.0 2.2 8.3 400.0 
clima_RAIMAT 2013 4 9 99 4.8 20.6 21.7 3.6 0.0 2.1 9.2 400.0 
clima_RAIMAT 2013 4 10 100 6.8 21.2 23.3 3.7 0.0 1.7 10.4 400.0 
clima_RAIMAT 2013 4 11 101 9.2 23.3 17.4 3.2 0.0 1.9 12.7 400.0 
clima_RAIMAT 2013 4 12 102 5.4 20.0 25.0 3.9 0.0 1.9 9.8 400.0 
clima_RAIMAT 2013 4 13 103 6.4 23.7 25.1 4.1 0.0 1.2 10.3 400.0 
clima_RAIMAT 2013 4 14 104 10.1 24.4 26.1 5.1 0.0 3.4 8.7 400.0 
clima_RAIMAT 2013 4 15 105 11.9 25.2 21.2 4.3 0.0 2.4 9.6 400.0 
clima_RAIMAT 2013 4 16 106 10.0 25.3 21.8 3.9 0.0 1.2 12.1 400.0 
clima_RAIMAT 2013 4 17 107 10.1 27.4 25.3 4.9 0.0 1.7 11.0 400.0 
clima_RAIMAT 2013 4 18 108 9.6 26.1 25.5 4.5 0.0 1.7 10.8 400.0 
clima_RAIMAT 2013 4 19 109 6.2 16.1 11.9 1.9 0.2 1.9 9.4 400.0 
clima_RAIMAT 2013 4 20 110 2.1 18.2 27.5 4.0 0.0 2.0 6.9 400.0 
clima_RAIMAT 2013 4 21 111 1.7 18.8 27.2 3.8 0.0 1.4 7.2 400.0 
clima_RAIMAT 2013 4 22 112 5.3 18.9 26.1 3.8 0.0 1.6 8.6 400.0 
clima_RAIMAT 2013 4 23 113 3.8 21.0 27.0 4.0 0.0 1.2 8.8 400.0 
clima_RAIMAT 2013 4 24 114 7.2 22.3 26.7 4.7 0.0 2.1 9.4 400.0 
clima_RAIMAT 2013 4 25 115 9.2 16.6 4.0 0.9 7.4 1.2 12.6 400.0 
clima_RAIMAT 2013 4 26 116 10.2 16.6 5.6 1.0 3.7 2.1 13.7 400.0 
clima_RAIMAT 2013 4 27 117 5.6 14.6 17.8 2.3 12.6 3.6 9.1 400.0 
clima_RAIMAT 2013 4 28 118 4.8 8.0 5.3 0.8 10.5 1.4 8.6 400.0 
clima_RAIMAT 2013 4 29 119 7.3 11.1 3.6 0.6 23.6 1.9 11.2 400.0 
clima_RAIMAT 2013 4 30 120 6.6 13.9 9.5 1.4 11.4 1.4 11.1 400.0 
clima_RAIMAT 2013 5 1 121 6.9 19.0 25.9 3.8 0.0 1.2 10.6 400.0 
clima_RAIMAT 2013 5 2 122 7.6 16.8 24.3 3.2 0.0 3.1 10.6 400.0 
clima_RAIMAT 2013 5 3 123 4.4 19.2 26.1 3.8 0.0 1.8 10.0 400.0 
clima_RAIMAT 2013 5 4 124 6.1 21.0 28.4 4.2 0.0 1.9 11.0 400.0 
clima_RAIMAT 2013 5 5 125 9.4 22.7 29.1 4.6 0.0 1.6 11.5 400.0 
clima_RAIMAT 2013 5 6 126 8.7 25.9 28.2 5.0 0.0 1.7 11.6 400.0 
clima_RAIMAT 2013 5 7 127 14.8 25.3 24.0 4.7 0.0 2.9 13.1 400.0 
clima_RAIMAT 2013 5 8 128 13.3 23.7 15.2 3.1 0.0 1.5 14.5 400.0 
clima_RAIMAT 2013 5 9 129 14.0 23.6 15.8 3.0 1.3 1.7 16.3 400.0 
clima_RAIMAT 2013 5 10 130 9.9 21.0 29.7 4.5 0.0 3.4 11.0 400.0 
clima_RAIMAT 2013 5 11 131 7.2 21.2 29.8 4.7 0.0 2.9 9.2 400.0 
clima_RAIMAT 2013 5 12 132 6.1 21.1 30.0 4.5 0.0 2.4 9.5 400.0 
clima_RAIMAT 2013 5 13 133 5.6 23.2 30.0 4.6 0.0 1.5 11.1 400.0 
clima_RAIMAT 2013 5 14 134 10.9 19.4 11.6 1.9 1.0 2.0 14.1 400.0 
clima_RAIMAT 2013 5 15 135 6.4 15.2 7.3 1.2 3.2 2.7 11.0 400.0 
clima_RAIMAT 2013 5 16 136 5.0 17.1 28.4 3.9 0.0 2.9 8.7 400.0 
clima_RAIMAT 2013 5 17 137 3.6 18.3 21.9 3.3 3.5 2.2 9.4 400.0 
clima_RAIMAT 2013 5 18 138 7.3 16.0 22.0 3.1 0.7 2.3 9.9 400.0 
clima_RAIMAT 2013 5 19 139 4.9 18.8 25.6 3.7 0.0 2.9 9.7 400.0 
clima_RAIMAT 2013 5 20 140 7.5 18.1 23.0 3.4 3.8 1.6 11.5 400.0 
clima_RAIMAT 2013 5 21 141 6.4 19.2 25.4 3.9 0.1 2.0 10.9 400.0 
clima_RAIMAT 2013 5 22 142 6.1 23.4 30.0 5.0 0.0 3.5 11.1 400.0 
clima_RAIMAT 2013 5 23 143 7.2 21.2 30.8 4.9 0.0 4.4 10.0 400.0 
clima_RAIMAT 2013 5 24 144 7.5 18.3 31.7 4.8 0.0 5.3 7.1 400.0 
clima_RAIMAT 2013 5 25 145 5.6 18.7 31.5 4.8 0.0 5.3 7.1 400.0 
clima_RAIMAT 2013 5 26 146 2.9 22.0 30.2 4.7 0.9 2.1 9.2 400.0 
clima_RAIMAT 2013 5 27 147 9.1 19.9 15.4 2.6 0.0 2.1 12.9 400.0 
clima_RAIMAT 2013 5 28 148 7.7 18.6 22.6 3.5 0.1 3.5 10.4 400.0 
clima_RAIMAT 2013 5 29 149 6.3 17.4 30.7 4.4 0.0 5.1 7.5 400.0 
clima_RAIMAT 2013 5 30 150 6.5 18.6 29.0 4.2 0.0 5.3 9.0 400.0 
clima_RAIMAT 2013 5 31 151 9.4 22.1 26.0 4.5 0.0 4.6 10.9 400.0 
clima_RAIMAT 2013 6 1 152 10.1 24.5 28.1 5.0 0.0 3.4 12.0 400.0 
clima_RAIMAT 2013 6 2 153 6.9 25.3 30.5 5.1 0.0 2.6 11.7 400.0 
clima_RAIMAT 2013 6 3 154 8.3 25.4 30.6 4.9 0.0 1.8 11.9 400.0 
clima_RAIMAT 2013 6 4 155 9.0 26.2 30.0 5.1 0.0 1.9 12.7 400.0 
clima_RAIMAT 2013 6 5 156 13.8 25.2 26.9 5.0 0.0 2.6 12.2 400.0 
clima_RAIMAT 2013 6 6 157 13.5 27.2 25.8 5.0 0.0 2.2 12.9 400.0 
clima_RAIMAT 2013 6 7 158 14.2 26.5 23.7 5.1 0.0 2.6 12.2 400.0 
clima_RAIMAT 2013 6 8 159 10.9 18.9 20.5 3.3 10.1 1.8 12.5 400.0 
clima_RAIMAT 2013 6 9 160 9.3 20.9 16.9 2.7 0.3 2.2 12.9 400.0 
clima_RAIMAT 2013 6 10 161 11.2 26.2 30.7 5.3 0.0 2.0 13.4 400.0 
clima_RAIMAT 2013 6 11 162 13.2 28.4 30.1 5.8 0.0 2.1 14.5 400.0 
clima_RAIMAT 2013 6 12 163 14.8 31.7 30.4 5.9 0.0 1.4 17.1 400.0 
clima_RAIMAT 2013 6 13 164 17.9 32.5 27.7 5.9 0.4 2.3 18.6 400.0 
clima_RAIMAT 2013 6 14 165 15.3 29.4 28.9 5.4 0.0 1.7 17.8 400.0 
clima_RAIMAT 2013 6 15 166 18.4 30.7 29.7 5.8 0.0 2.3 16.6 400.0 
clima_RAIMAT 2013 6 16 167 19.5 30.5 30.3 6.8 0.0 3.6 11.7 400.0 
clima_RAIMAT 2013 6 17 168 18.8 30.8 19.3 4.6 3.7 3.0 18.1 400.0 
clima_RAIMAT 2013 6 18 169 13.6 21.1 3.1 0.7 23.3 2.6 18.2 400.0 
clima_RAIMAT 2013 6 19 170 12.0 21.0 20.9 3.4 0.2 1.7 14.6 400.0 
clima_RAIMAT 2013 6 20 171 12.1 23.3 28.7 4.8 0.0 1.6 14.2 400.0 
clima_RAIMAT 2013 6 21 172 12.4 23.9 17.9 3.3 0.1 1.3 15.2 400.0 
clima_RAIMAT 2013 6 22 173 11.1 27.0 31.6 5.4 0.0 1.9 13.7 400.0 
clima_RAIMAT 2013 6 23 174 10.9 25.3 30.7 5.6 0.0 3.1 12.9 400.0 
clima_RAIMAT 2013 6 24 175 7.3 26.2 31.3 5.0 0.0 1.6 11.8 400.0 
clima_RAIMAT 2013 6 25 176 8.6 26.6 31.1 5.1 0.0 1.4 12.7 400.0 
clima_RAIMAT 2013 6 26 177 9.8 26.8 30.4 5.1 0.0 1.2 13.4 400.0 
clima_RAIMAT 2013 6 27 178 13.0 27.3 28.7 5.0 0.0 1.8 15.3 400.0 
clima_RAIMAT 2013 6 28 179 13.4 27.4 28.7 5.1 0.0 1.8 14.6 400.0 
clima_RAIMAT 2013 6 29 180 12.9 29.8 30.4 5.5 0.0 1.5 15.7 400.0 
clima_RAIMAT 2013 6 30 181 12.9 29.9 30.1 5.5 0.0 1.3 15.8 400.0 
clima_RAIMAT 2013 7 1 182 16.7 29.6 29.2 5.9 4.3 2.4 17.3 400.0 
clima_RAIMAT 2013 7 2 183 15.5 29.1 27.4 5.3 0.0 1.7 18.3 400.0 
clima_RAIMAT 2013 7 3 184 16.7 30.7 27.7 5.4 0.0 1.8 19.6 400.0 
clima_RAIMAT 2013 7 4 185 15.8 32.6 30.0 5.6 0.0 1.4 19.9 400.0 
clima_RAIMAT 2013 7 5 186 16.1 33.3 30.0 5.9 0.0 1.3 19.6 400.0 
clima_RAIMAT 2013 7 6 187 16.4 34.4 30.0 6.0 0.0 1.4 17.2 400.0 
clima_RAIMAT 2013 7 7 188 16.9 34.5 29.7 6.1 0.0 1.6 17.2 400.0 
clima_RAIMAT 2013 7 8 189 19.8 32.7 29.0 6.2 0.0 2.4 17.4 400.0 
clima_RAIMAT 2013 7 9 190 17.3 31.4 29.1 6.3 0.0 2.4 17.1 400.0 
clima_RAIMAT 2013 7 10 191 18.7 31.8 27.1 5.6 1.2 2.4 19.6 400.0 
clima_RAIMAT 2013 7 11 192 18.1 31.7 28.5 5.6 0.0 1.6 21.1 400.0 
clima_RAIMAT 2013 7 12 193 16.4 33.2 27.9 5.9 0.0 1.6 17.8 400.0 
clima_RAIMAT 2013 7 13 194 17.8 32.1 24.8 5.3 22.8 2.2 20.2 400.0 
clima_RAIMAT 2013 7 14 195 16.0 30.8 27.0 5.2 0.1 1.5 20.7 400.0 
clima_RAIMAT 2013 7 15 196 15.1 32.1 28.4 5.3 0.0 1.0 19.5 400.0 
clima_RAIMAT 2013 7 16 197 18.6 33.4 27.1 5.5 0.6 1.4 21.2 400.0 
clima_RAIMAT 2013 7 17 198 19.0 30.5 27.1 5.3 0.1 1.4 19.7 400.0 
clima_RAIMAT 2013 7 18 199 18.9 31.3 24.6 4.7 5.9 1.9 22.9 400.0 
clima_RAIMAT 2013 7 19 200 19.9 30.2 26.2 5.3 0.0 2.3 21.6 400.0 
clima_RAIMAT 2013 7 20 201 19.3 32.4 25.8 5.2 2.8 1.8 22.0 400.0 
clima_RAIMAT 2013 7 21 202 18.0 32.5 27.0 5.7 0.0 1.6 19.3 400.0 
clima_RAIMAT 2013 7 22 203 17.4 32.3 28.1 5.5 0.0 1.1 19.5 400.0 
clima_RAIMAT 2013 7 23 204 18.2 33.4 23.1 4.9 0.6 1.8 20.6 400.0 
clima_RAIMAT 2013 7 24 205 18.6 32.3 27.8 5.5 0.0 1.3 20.2 400.0 
clima_RAIMAT 2013 7 25 206 21.6 34.5 27.1 6.2 0.0 2.4 18.6 400.0 
clima_RAIMAT 2013 7 26 207 22.0 32.6 26.4 6.2 0.0 3.3 16.7 400.0 
clima_RAIMAT 2013 7 27 208 20.6 33.9 25.2 5.5 0.0 2.6 23.1 400.0 
clima_RAIMAT 2013 7 28 209 18.3 28.6 21.8 4.6 0.0 1.8 17.9 400.0 
clima_RAIMAT 2013 7 29 210 15.4 28.4 29.5 5.8 0.0 2.6 14.7 400.0 
clima_RAIMAT 2013 7 30 211 15.2 31.6 28.5 5.5 0.0 1.4 17.3 400.0 
clima_RAIMAT 2013 7 31 212 17.0 33.8 28.3 5.9 0.0 1.4 16.9 400.0 
clima_RAIMAT 2013 8 1 213 20.9 32.6 28.2 6.6 0.0 3.4 15.5 400.0 
clima_RAIMAT 2013 8 2 214 21.3 32.3 24.2 5.7 0.0 3.4 16.2 400.0 
clima_RAIMAT 2013 8 3 215 19.5 30.1 18.9 3.9 0.3 2.2 21.0 400.0 
clima_RAIMAT 2013 8 4 216 18.6 32.2 24.7 5.0 0.0 1.4 20.4 400.0 
clima_RAIMAT 2013 8 5 217 19.4 33.5 26.6 5.7 0.0 2.0 17.6 400.0 
clima_RAIMAT 2013 8 6 218 21.3 31.6 23.0 4.9 0.1 1.7 21.4 400.0 
clima_RAIMAT 2013 8 7 219 15.7 25.5 13.2 2.8 9.4 1.9 18.2 400.0 
clima_RAIMAT 2013 8 8 220 13.8 26.8 28.1 5.0 0.2 2.6 16.2 400.0 
clima_RAIMAT 2013 8 9 221 12.3 28.1 27.9 4.9 0.0 1.6 15.9 400.0 
clima_RAIMAT 2013 8 10 222 14.2 30.5 27.4 5.0 0.0 1.4 18.1 400.0 
clima_RAIMAT 2013 8 11 223 16.6 33.4 27.1 5.2 0.0 1.4 20.3 400.0 
clima_RAIMAT 2013 8 12 224 19.5 33.0 23.0 5.3 0.0 2.4 19.1 400.0 
clima_RAIMAT 2013 8 13 225 18.0 30.7 23.7 4.5 0.0 1.3 21.6 400.0 
clima_RAIMAT 2013 8 14 226 16.6 31.3 26.0 4.8 0.0 1.4 22.0 400.0 
clima_RAIMAT 2013 8 15 227 18.1 32.0 25.5 4.9 0.0 1.6 21.3 400.0 
clima_RAIMAT 2013 8 16 228 18.2 31.9 21.9 4.7 12.1 2.1 23.8 400.0 
clima_RAIMAT 2013 8 17 229 16.1 30.1 24.8 4.7 0.0 1.2 20.9 400.0 
clima_RAIMAT 2013 8 18 230 19.6 31.8 25.3 4.9 0.0 1.3 23.1 400.0 
clima_RAIMAT 2013 8 19 231 18.3 32.1 24.6 5.0 0.0 1.7 22.1 400.0 
clima_RAIMAT 2013 8 20 232 12.7 29.2 26.3 4.6 0.0 1.1 17.3 400.0 
clima_RAIMAT 2013 8 21 233 15.9 32.9 25.4 4.9 0.0 1.4 21.4 400.0 
clima_RAIMAT 2013 8 22 234 18.7 30.0 24.1 4.9 0.0 2.1 21.9 400.0 
clima_RAIMAT 2013 8 23 235 17.9 29.5 23.7 4.8 0.0 1.7 20.8 400.0 
clima_RAIMAT 2013 8 24 236 14.5 28.9 21.6 4.3 0.0 1.8 17.9 400.0 
clima_RAIMAT 2013 8 25 237 10.7 26.2 24.7 4.3 0.0 1.7 13.8 400.0 
clima_RAIMAT 2013 8 26 238 13.6 26.6 19.1 3.5 0.0 1.3 16.9 400.0 
clima_RAIMAT 2013 8 27 239 13.7 26.8 24.1 4.4 0.0 1.1 16.4 400.0 
clima_RAIMAT 2013 8 28 240 12.6 21.9 13.0 2.5 0.0 1.1 14.8 400.0 
clima_RAIMAT 2013 8 29 241 13.8 26.2 20.8 3.8 0.0 1.0 17.1 400.0 
clima_RAIMAT 2013 8 30 242 17.1 27.1 19.4 3.7 0.0 1.3 18.9 400.0 
clima_RAIMAT 2013 8 31 243 12.8 28.3 23.8 4.2 0.0 1.4 15.7 400.0 
clima_RAIMAT 2013 9 1 244 12.2 29.7 23.5 4.2 0.0 1.3 17.3 400.0 
clima_RAIMAT 2013 9 2 245 13.5 28.0 17.1 3.0 0.0 1.2 17.9 400.0 
clima_RAIMAT 2013 9 3 246 14.0 30.5 23.2 4.4 0.0 1.0 16.4 400.0 
clima_RAIMAT 2013 9 4 247 12.7 28.8 21.3 4.3 0.0 1.8 16.2 400.0 
clima_RAIMAT 2013 9 5 248 12.6 29.2 23.1 4.7 0.0 1.6 14.6 400.0 
clima_RAIMAT 2013 9 6 249 14.8 29.6 21.0 4.1 0.1 1.5 18.2 400.0 
clima_RAIMAT 2013 9 7 250 16.3 21.7 5.8 1.2 3.0 2.1 18.4 400.0 
clima_RAIMAT 2013 9 8 251 14.8 24.0 14.0 2.5 0.1 1.1 18.9 400.0 
clima_RAIMAT 2013 9 9 252 11.9 26.9 23.2 3.8 0.0 1.3 15.3 400.0 
clima_RAIMAT 2013 9 10 253 11.0 26.9 20.9 3.6 0.0 1.6 15.1 400.0 
clima_RAIMAT 2013 9 11 254 11.0 23.4 22.7 3.7 0.0 2.0 11.8 400.0 
clima_RAIMAT 2013 9 12 255 6.7 24.3 22.4 3.5 0.0 1.2 12.3 400.0 
clima_RAIMAT 2013 9 13 256 9.2 26.5 22.1 3.7 0.0 1.2 14.7 400.0 
clima_RAIMAT 2013 9 14 257 14.2 28.8 21.3 3.7 0.0 1.2 18.5 400.0 
clima_RAIMAT 2013 9 15 258 10.5 24.0 22.0 4.0 0.0 2.6 12.6 400.0 
clima_RAIMAT 2013 9 16 259 7.4 27.1 21.7 3.8 0.0 2.2 13.0 400.0 
clima_RAIMAT 2013 9 17 260 11.7 24.2 19.7 3.7 0.0 3.1 13.2 400.0 
clima_RAIMAT 2013 9 18 261 9.2 25.8 21.2 3.7 0.0 2.3 14.0 400.0 
clima_RAIMAT 2013 9 19 262 10.7 26.9 21.4 3.9 0.0 1.9 14.3 400.0 
clima_RAIMAT 2013 9 20 263 8.2 26.4 20.2 3.3 0.0 1.1 14.0 400.0 
clima_RAIMAT 2013 9 21 264 11.1 28.2 20.2 3.5 0.0 1.0 16.5 400.0 
clima_RAIMAT 2013 9 22 265 10.2 29.3 20.3 3.6 0.0 1.1 15.4 400.0 
clima_RAIMAT 2013 9 23 266 15.3 27.0 19.4 3.6 0.0 1.8 18.3 400.0 
clima_RAIMAT 2013 9 24 267 15.1 28.4 17.9 3.3 0.0 1.6 19.3 400.0 
clima_RAIMAT 2013 9 25 268 15.9 29.2 18.2 3.4 0.0 1.4 20.5 400.0 
clima_RAIMAT 2013 9 26 269 16.9 30.7 18.4 3.7 0.0 2.0 20.9 400.0 
clima_RAIMAT 2013 9 27 270 16.2 31.0 16.1 3.8 0.0 2.3 16.0 400.0 
clima_RAIMAT 2013 9 28 271 15.4 27.1 13.6 2.7 4.0 1.3 17.2 400.0 
clima_RAIMAT 2013 9 29 272 11.9 25.5 17.9 3.4 0.0 2.0 15.1 400.0 
clima_RAIMAT 2013 9 30 273 12.5 26.7 15.0 3.0 0.0 1.6 16.0 400.0 
clima_RAIMAT 2013 10 1 274 14.0 29.1 16.2 3.2 0.0 1.1 19.0 400.0 
clima_RAIMAT 2013 10 2 275 13.7 29.5 14.1 2.7 0.0 1.1 18.6 400.0 
clima_RAIMAT 2013 10 3 276 20.1 23.8 6.6 1.5 1.8 3.5 21.6 400.0 
clima_RAIMAT 2013 10 4 277 12.3 26.9 8.9 1.8 0.7 2.3 19.4 400.0 
clima_RAIMAT 2013 10 5 278 9.5 23.6 17.1 2.9 0.1 1.5 14.9 400.0 
clima_RAIMAT 2013 10 6 279 9.9 22.9 14.9 2.4 0.0 1.3 14.3 400.0 
clima_RAIMAT 2013 10 7 280 6.5 22.2 17.2 2.7 0.0 0.9 12.4 400.0 
clima_RAIMAT 2013 10 8 281 6.3 23.1 17.0 2.7 0.0 1.0 13.0 400.0 
clima_RAIMAT 2013 10 9 282 7.2 21.8 16.6 2.5 0.0 1.1 13.0 400.0 
clima_RAIMAT 2013 10 10 283 6.2 22.4 15.6 2.6 0.0 2.4 11.4 400.0 
clima_RAIMAT 2013 10 11 284 7.5 17.7 17.2 2.6 0.0 2.1 7.9 400.0 
clima_RAIMAT 2013 10 12 285 0.9 18.4 16.4 2.3 0.0 1.1 7.9 400.0 
clima_RAIMAT 2013 10 13 286 3.4 21.4 15.9 2.5 0.0 0.8 9.9 400.0 
clima_RAIMAT 2013 10 14 287 5.3 22.3 14.5 2.3 0.0 0.9 11.4 400.0 
clima_RAIMAT 2013 10 15 288 11.7 22.8 10.7 2.1 0.0 1.8 13.8 400.0 
clima_RAIMAT 2013 10 16 289 11.0 26.5 15.7 3.0 0.0 1.9 14.9 400.0 
clima_RAIMAT 2013 10 17 290 9.5 24.0 12.8 2.1 0.0 1.1 14.5 400.0 
clima_RAIMAT 2013 10 18 291 15.2 26.8 13.7 2.6 0.0 1.6 17.6 400.0 
clima_RAIMAT 2013 10 19 292 15.7 25.0 9.6 1.8 0.0 1.8 18.1 400.0 
clima_RAIMAT 2013 10 20 293 13.4 26.2 12.8 2.3 0.0 1.1 18.0 400.0 
clima_RAIMAT 2013 10 21 294 12.8 25.7 12.8 2.2 0.0 1.3 16.7 400.0 
clima_RAIMAT 2013 10 22 295 15.7 23.5 7.7 1.6 2.7 2.1 17.8 400.0 
clima_RAIMAT 2013 10 23 296 10.4 23.0 13.5 2.3 0.0 1.3 15.2 400.0 
clima_RAIMAT 2013 10 24 297 8.7 25.0 12.2 2.3 0.0 2.0 13.6 400.0 
clima_RAIMAT 2013 10 25 298 16.7 24.9 9.9 2.0 0.0 3.2 17.9 400.0 
clima_RAIMAT 2013 10 26 299 13.8 25.5 12.3 2.1 0.0 1.3 17.4 400.0 
clima_RAIMAT 2013 10 27 300 9.8 24.4 13.6 2.4 0.0 1.5 14.0 400.0 
clima_RAIMAT 2013 10 28 301 7.3 25.9 13.1 2.2 0.0 1.1 12.6 400.0 
clima_RAIMAT 2013 10 29 302 5.0 18.3 11.6 2.1 0.0 3.3 8.5 400.0 
clima_RAIMAT 2013 10 30 303 0.9 18.3 13.8 2.0 0.0 1.7 7.5 400.0 
clima_RAIMAT 2013 10 31 304 0.6 17.1 13.4 1.7 0.0 1.3 8.1 400.0 
clima_RAIMAT 2013 11 1 305 1.6 17.1 11.4 1.6 0.0 0.6 8.3 400.0 
clima_RAIMAT 2013 11 2 306 6.1 22.5 10.8 1.7 0.0 0.7 11.6 400.0 
clima_RAIMAT 2013 11 3 307 7.4 21.2 12.8 2.3 0.0 2.4 11.2 400.0 
clima_RAIMAT 2013 11 4 308 7.0 15.8 6.4 1.0 1.0 2.5 11.2 400.0 
clima_RAIMAT 2013 11 5 309 11.4 22.4 11.7 2.3 0.0 5.6 13.5 400.0 
clima_RAIMAT 2013 11 6 310 10.3 24.0 12.2 2.4 0.0 3.1 13.5 400.0 
clima_RAIMAT 2013 11 7 311 7.2 21.9 10.3 1.6 0.0 0.6 13.4 400.0 
clima_RAIMAT 2013 11 8 312 7.1 20.1 8.7 1.5 0.0 2.0 11.5 400.0 
clima_RAIMAT 2013 11 9 313 8.2 17.4 10.8 1.8 0.0 3.2 8.3 400.0 
clima_RAIMAT 2013 11 10 314 9.2 17.8 7.0 1.8 0.0 5.5 9.9 400.0 
clima_RAIMAT 2013 11 11 315 10.4 23.1 11.0 2.2 0.0 3.6 11.8 400.0 
clima_RAIMAT 2013 11 12 316 9.9 21.5 8.9 1.4 0.0 1.9 12.5 400.0 
clima_RAIMAT 2013 11 13 317 5.6 19.5 10.4 1.5 0.0 1.4 11.8 400.0 
clima_RAIMAT 2013 11 14 318 3.2 18.5 11.5 2.0 0.0 3.1 8.3 400.0 
clima_RAIMAT 2013 11 15 319 -0.4 12.8 8.8 1.5 0.0 2.6 4.8 400.0 
clima_RAIMAT 2013 11 16 320 0.4 5.8 1.3 0.2 31.3 1.3 6.9 400.0 
clima_RAIMAT 2013 11 17 321 4.0 13.6 5.4 0.6 18.8 1.5 10.7 400.0 
clima_RAIMAT 2013 11 18 322 8.6 10.4 1.4 0.2 13.4 2.0 11.0 400.0 
clima_RAIMAT 2013 11 19 323 5.3 14.8 6.8 0.9 0.0 3.7 8.6 400.0 
clima_RAIMAT 2013 11 20 324 2.3 10.6 10.5 1.2 0.0 3.9 6.5 400.0 
clima_RAIMAT 2013 11 21 325 1.9 10.1 6.4 0.9 0.0 4.4 6.9 400.0 
clima_RAIMAT 2013 11 22 326 1.5 10.2 10.8 1.3 0.0 4.4 5.5 400.0 
clima_RAIMAT 2013 11 23 327 0.3 12.5 10.7 1.4 0.0 3.6 5.9 400.0 
clima_RAIMAT 2013 11 24 328 -1.2 12.8 8.9 1.1 0.0 2.3 6.5 400.0 
clima_RAIMAT 2013 11 25 329 -3.4 12.5 10.7 1.2 0.0 2.0 6.2 400.0 
clima_RAIMAT 2013 11 26 330 -3.9 8.8 10.6 1.0 0.0 1.4 5.5 400.0 
clima_RAIMAT 2013 11 27 331 -5.6 6.8 10.4 0.9 0.1 1.5 4.7 400.0 
clima_RAIMAT 2013 11 28 332 -5.3 8.1 10.4 0.9 0.0 1.1 5.3 400.0 
clima_RAIMAT 2013 11 29 333 -3.9 5.6 9.8 0.8 0.1 1.1 5.4 400.0 
clima_RAIMAT 2013 11 30 334 -2.4 10.0 6.4 0.6 0.0 1.4 5.9 400.0 
clima_RAIMAT 2013 12 1 335 -4.1 9.6 8.9 0.9 0.0 1.3 5.5 400.0 
clima_RAIMAT 2013 12 2 336 -4.8 4.8 4.5 0.4 0.0 0.7 4.9 400.0 
clima_RAIMAT 2013 12 3 337 -1.9 11.1 8.9 0.9 0.0 0.6 6.5 400.0 
clima_RAIMAT 2013 12 4 338 -4.2 11.1 9.0 0.9 0.0 0.6 6.6 400.0 
clima_RAIMAT 2013 12 5 339 -4.0 4.7 3.4 0.3 0.1 0.7 6.0 400.0 
clima_RAIMAT 2013 12 6 340 -3.3 7.5 6.2 0.5 0.2 1.0 6.6 400.0 
clima_RAIMAT 2013 12 7 341 -3.5 1.7 3.3 0.3 0.4 0.5 5.5 400.0 
clima_RAIMAT 2013 12 8 342 -2.8 1.5 3.3 0.3 0.2 0.4 5.7 400.0 
clima_RAIMAT 2013 12 9 343 -2.0 2.0 3.6 0.3 0.3 0.4 6.0 400.0 
clima_RAIMAT 2013 12 10 344 -1.6 0.3 1.9 0.2 0.2 0.6 5.8 400.0 
clima_RAIMAT 2013 12 11 345 -1.7 3.2 4.0 0.3 0.4 0.4 6.4 400.0 
clima_RAIMAT 2013 12 12 346 -0.3 2.6 1.6 0.2 0.2 0.6 6.6 400.0 
clima_RAIMAT 2013 12 13 347 1.8 2.6 1.3 0.2 0.0 0.8 6.8 400.0 
clima_RAIMAT 2013 12 14 348 1.3 3.6 2.0 0.2 0.1 0.7 7.0 400.0 
clima_RAIMAT 2013 12 15 349 0.7 2.7 2.2 0.6 0.1 0.5 6.8 400.0 
clima_RAIMAT 2013 12 16 350 -1.1 9.0 6.5 0.6 0.0 1.0 7.6 400.0 
clima_RAIMAT 2013 12 17 351 4.6 12.8 3.6 0.6 0.0 1.6 8.7 400.0 
clima_RAIMAT 2013 12 18 352 0.8 8.0 4.3 0.4 0.1 0.7 8.2 400.0 
clima_RAIMAT 2013 12 19 353 3.6 7.8 1.6 0.2 3.6 1.0 9.0 400.0 
clima_RAIMAT 2013 12 20 354 -0.1 12.9 8.6 1.1 0.1 2.9 6.8 400.0 
clima_RAIMAT 2013 12 21 355 -3.5 8.5 8.8 0.8 0.1 0.7 6.4 400.0 
clima_RAIMAT 2013 12 22 356 -2.0 11.9 8.4 0.8 0.0 0.7 7.2 400.0 
clima_RAIMAT 2013 12 23 357 -2.4 10.2 7.0 0.7 0.0 0.6 6.9 400.0 
clima_RAIMAT 2013 12 24 358 -0.1 10.2 1.3 0.2 2.5 2.1 7.5 400.0 
clima_RAIMAT 2013 12 25 359 4.6 11.2 2.5 0.4 0.8 2.2 8.9 400.0 
clima_RAIMAT 2013 12 26 360 3.4 9.8 8.9 1.0 0.0 5.6 6.6 400.0 
clima_RAIMAT 2013 12 27 361 -0.1 13.7 7.0 0.8 0.0 1.3 7.7 400.0 
clima_RAIMAT 2013 12 28 362 2.9 12.4 5.9 0.6 1.3 2.6 8.4 400.0 
clima_RAIMAT 2013 12 29 363 -0.9 10.9 8.9 0.9 0.0 2.8 6.3 400.0 
clima_RAIMAT 2013 12 30 364 -3.5 7.0 7.1 0.6 0.0 0.9 5.9 400.0 
clima_RAIMAT 2013 12 31 365 -2.6 7.4 5.2 0.5 0.1 0.6 6.6 400.0 
