clima_RAIMAT 2017 1 1 1 0.8 2.0 1.5 0.2 0.4 0.6 6.4 400.0 
clima_RAIMAT 2017 1 2 2 0.4 1.4 1.4 0.2 0.1 0.9 6.3 400.0 
clima_RAIMAT 2017 1 3 3 -0.7 3.3 2.6 0.2 0.0 1.0 6.2 400.0 
clima_RAIMAT 2017 1 4 4 -0.7 1.6 1.9 0.2 0.2 0.6 6.2 400.0 
clima_RAIMAT 2017 1 5 5 -3.2 9.0 7.8 0.7 0.0 0.9 6.5 400.0 
clima_RAIMAT 2017 1 6 6 -5.3 6.3 6.7 0.5 0.3 0.7 5.9 400.0 
clima_RAIMAT 2017 1 7 7 -6.4 3.7 6.3 0.4 0.1 0.6 5.2 400.0 
clima_RAIMAT 2017 1 8 8 -5.7 -0.1 3.6 0.3 0.2 0.6 4.7 400.0 
clima_RAIMAT 2017 1 9 9 -4.4 2.8 4.0 0.3 0.6 0.6 5.5 400.0 
clima_RAIMAT 2017 1 10 10 -1.7 10.8 6.6 0.6 0.2 1.7 7.2 400.0 
clima_RAIMAT 2017 1 11 11 0.0 12.7 9.0 0.9 0.0 1.8 7.5 400.0 
clima_RAIMAT 2017 1 12 12 0.2 13.6 7.9 0.9 0.0 1.3 8.7 400.0 
clima_RAIMAT 2017 1 13 13 0.6 10.2 10.4 1.3 0.0 5.7 5.9 400.0 
clima_RAIMAT 2017 1 14 14 -1.2 10.5 10.5 1.3 0.0 3.1 5.7 400.0 
clima_RAIMAT 2017 1 15 15 -0.9 12.2 10.1 1.5 0.0 3.6 6.0 400.0 
clima_RAIMAT 2017 1 16 16 -2.6 16.2 10.6 1.6 0.0 2.8 6.6 400.0 
clima_RAIMAT 2017 1 17 17 -6.1 7.9 11.4 1.7 0.0 2.9 2.7 400.0 
clima_RAIMAT 2017 1 18 18 -8.3 4.2 10.8 0.9 0.0 1.2 3.2 400.0 
clima_RAIMAT 2017 1 19 19 -6.9 6.5 8.6 0.8 0.0 1.6 4.1 400.0 
clima_RAIMAT 2017 1 20 20 2.6 11.4 4.6 1.0 0.0 4.2 6.1 400.0 
clima_RAIMAT 2017 1 21 21 -2.4 10.3 5.9 0.9 0.0 1.5 5.7 400.0 
clima_RAIMAT 2017 1 22 22 2.9 9.1 2.9 0.5 0.1 1.2 6.8 400.0 
clima_RAIMAT 2017 1 23 23 1.2 9.5 7.7 0.9 0.0 1.4 6.9 400.0 
clima_RAIMAT 2017 1 24 24 -1.7 12.8 9.8 1.1 0.0 1.5 6.3 400.0 
clima_RAIMAT 2017 1 25 25 -5.6 8.7 11.4 1.0 0.0 2.0 4.9 400.0 
clima_RAIMAT 2017 1 26 26 1.0 8.9 7.9 0.9 0.0 2.9 6.3 400.0 
clima_RAIMAT 2017 1 27 27 5.9 8.8 1.8 0.3 10.2 4.8 8.5 400.0 
clima_RAIMAT 2017 1 28 28 2.3 12.8 6.6 0.9 1.6 2.1 8.0 400.0 
clima_RAIMAT 2017 1 29 29 -1.3 11.7 7.8 0.9 0.0 0.8 7.1 400.0 
clima_RAIMAT 2017 1 30 30 2.8 15.4 8.6 1.1 0.0 0.8 9.2 400.0 
clima_RAIMAT 2017 1 31 31 2.1 18.4 11.2 1.4 0.0 0.8 10.5 400.0 
clima_RAIMAT 2017 2 1 32 4.0 10.4 3.7 0.4 0.2 0.7 9.8 400.0 
clima_RAIMAT 2017 2 2 33 3.9 9.9 3.3 0.4 3.4 1.5 9.4 400.0 
clima_RAIMAT 2017 2 3 34 0.8 11.2 5.2 0.7 3.5 1.5 8.1 400.0 
clima_RAIMAT 2017 2 4 35 5.3 12.7 5.6 0.8 0.5 1.9 9.6 400.0 
clima_RAIMAT 2017 2 5 36 4.8 10.7 10.5 1.2 0.7 5.9 7.9 400.0 
clima_RAIMAT 2017 2 6 37 4.4 12.9 11.9 1.4 0.0 6.1 8.1 400.0 
clima_RAIMAT 2017 2 7 38 7.5 16.9 10.5 1.6 0.0 4.3 9.7 400.0 
clima_RAIMAT 2017 2 8 39 2.6 14.6 14.0 2.0 0.0 5.4 6.0 400.0 
clima_RAIMAT 2017 2 9 40 0.5 12.4 14.2 1.5 0.0 2.2 6.2 400.0 
clima_RAIMAT 2017 2 10 41 3.8 12.1 9.5 1.2 0.0 3.4 7.4 400.0 
clima_RAIMAT 2017 2 11 42 3.3 11.7 5.1 0.9 0.1 3.9 7.6 400.0 
clima_RAIMAT 2017 2 12 43 10.0 14.7 7.7 1.4 0.0 7.0 9.9 400.0 
clima_RAIMAT 2017 2 13 44 8.1 13.6 2.0 0.7 15.4 5.6 10.1 400.0 
clima_RAIMAT 2017 2 14 45 5.6 14.6 11.2 1.3 0.2 1.0 11.0 400.0 
clima_RAIMAT 2017 2 15 46 2.7 16.3 14.2 1.8 0.0 1.0 9.8 400.0 
clima_RAIMAT 2017 2 16 47 6.0 16.2 10.7 1.5 0.0 0.9 11.0 400.0 
clima_RAIMAT 2017 2 17 48 2.6 11.9 7.8 0.8 0.2 1.0 9.7 400.0 
clima_RAIMAT 2017 2 18 49 5.0 8.3 3.9 0.5 0.3 0.6 9.6 400.0 
clima_RAIMAT 2017 2 19 50 2.5 13.3 12.8 1.4 0.2 1.3 9.6 400.0 
clima_RAIMAT 2017 2 20 51 0.2 13.4 10.8 1.2 0.1 0.9 8.9 400.0 
clima_RAIMAT 2017 2 21 52 0.2 14.8 10.9 1.2 0.2 0.8 9.3 400.0 
clima_RAIMAT 2017 2 22 53 0.5 15.7 11.1 1.2 0.1 0.7 9.6 400.0 
clima_RAIMAT 2017 2 23 54 3.3 13.3 5.3 0.7 0.0 0.9 9.7 400.0 
clima_RAIMAT 2017 2 24 55 2.9 14.9 9.7 1.2 0.1 1.4 9.0 400.0 
clima_RAIMAT 2017 2 25 56 -1.1 14.7 16.9 1.9 0.0 1.5 7.2 400.0 
clima_RAIMAT 2017 2 26 57 0.2 16.2 16.1 2.0 0.0 1.0 8.4 400.0 
clima_RAIMAT 2017 2 27 58 3.3 17.0 11.8 1.6 0.0 1.3 9.9 400.0 
clima_RAIMAT 2017 2 28 59 5.7 16.0 10.5 2.0 0.0 3.7 7.9 400.0 
clima_RAIMAT 2017 3 1 60 0.9 16.6 16.6 2.1 0.0 1.6 7.7 400.0 
clima_RAIMAT 2017 3 2 61 3.0 18.2 16.4 2.3 0.0 1.1 9.2 400.0 
clima_RAIMAT 2017 3 3 62 6.8 16.3 11.9 1.8 11.4 4.4 9.9 400.0 
clima_RAIMAT 2017 3 4 63 3.7 11.7 15.1 1.9 13.0 5.4 7.2 400.0 
clima_RAIMAT 2017 3 5 64 1.6 14.7 14.0 1.9 0.0 2.4 7.8 400.0 
clima_RAIMAT 2017 3 6 65 5.5 19.8 17.4 2.9 0.0 4.4 9.4 400.0 
clima_RAIMAT 2017 3 7 66 6.9 18.1 18.5 2.8 0.0 6.4 8.7 400.0 
clima_RAIMAT 2017 3 8 67 8.2 21.2 17.7 2.7 0.0 2.3 11.7 400.0 
clima_RAIMAT 2017 3 9 68 3.7 25.0 18.4 2.9 0.0 1.4 11.1 400.0 
clima_RAIMAT 2017 3 10 69 3.8 24.7 19.5 3.0 0.0 1.3 10.6 400.0 
clima_RAIMAT 2017 3 11 70 4.9 23.2 17.9 2.8 0.0 1.0 11.1 400.0 
clima_RAIMAT 2017 3 12 71 8.4 19.7 19.3 3.2 0.4 4.1 10.3 400.0 
clima_RAIMAT 2017 3 13 72 6.6 16.2 12.0 1.7 2.0 1.4 10.9 400.0 
clima_RAIMAT 2017 3 14 73 3.3 18.6 18.7 2.6 0.0 1.8 10.3 400.0 
clima_RAIMAT 2017 3 15 74 3.6 19.3 19.6 2.7 0.0 1.0 10.5 400.0 
clima_RAIMAT 2017 3 16 75 3.3 22.2 20.3 3.0 0.0 0.9 9.4 400.0 
clima_RAIMAT 2017 3 17 76 2.1 21.2 20.7 3.1 0.0 0.8 7.8 400.0 
clima_RAIMAT 2017 3 18 77 2.8 21.7 20.1 2.8 0.0 1.4 9.8 400.0 
clima_RAIMAT 2017 3 19 78 2.6 20.9 20.7 3.0 0.0 0.9 9.0 400.0 
clima_RAIMAT 2017 3 20 79 4.5 21.3 20.5 3.1 0.0 1.0 9.8 400.0 
clima_RAIMAT 2017 3 21 80 4.8 17.5 17.3 2.5 0.0 2.2 9.1 400.0 
clima_RAIMAT 2017 3 22 81 4.6 15.4 14.3 2.0 0.1 1.6 8.3 400.0 
clima_RAIMAT 2017 3 23 82 3.4 13.0 20.8 2.5 0.7 1.7 7.3 400.0 
clima_RAIMAT 2017 3 24 83 1.9 12.4 10.6 1.5 25.6 1.9 7.0 400.0 
clima_RAIMAT 2017 3 25 84 1.6 8.1 6.0 0.7 35.1 2.7 7.6 400.0 
clima_RAIMAT 2017 3 26 85 4.6 16.4 18.4 2.6 0.0 2.6 8.8 400.0 
clima_RAIMAT 2017 3 27 86 5.6 14.7 10.2 1.4 6.3 2.7 9.9 400.0 
clima_RAIMAT 2017 3 28 87 3.7 18.8 22.8 3.2 0.0 1.3 10.3 400.0 
clima_RAIMAT 2017 3 29 88 3.8 20.2 23.0 3.3 0.0 1.1 10.1 400.0 
clima_RAIMAT 2017 3 30 89 5.1 22.1 22.5 3.7 0.0 2.4 9.3 400.0 
clima_RAIMAT 2017 3 31 90 8.3 19.2 15.0 2.5 8.5 2.5 10.5 400.0 
clima_RAIMAT 2017 4 1 91 6.3 16.1 23.2 3.1 0.2 4.7 9.2 400.0 
clima_RAIMAT 2017 4 2 92 4.5 18.1 24.3 3.5 0.0 3.7 8.3 400.0 
clima_RAIMAT 2017 4 3 93 2.4 19.4 24.4 3.3 0.0 1.4 9.0 400.0 
clima_RAIMAT 2017 4 4 94 4.2 20.9 23.9 3.4 0.0 1.4 9.6 400.0 
clima_RAIMAT 2017 4 5 95 7.0 18.2 19.6 2.7 5.3 2.0 10.8 400.0 
clima_RAIMAT 2017 4 6 96 3.8 21.0 24.4 3.4 0.0 2.1 9.6 400.0 
clima_RAIMAT 2017 4 7 97 5.3 20.9 24.4 3.6 0.0 1.4 9.9 400.0 
clima_RAIMAT 2017 4 8 98 4.9 23.4 24.4 4.1 0.0 1.2 9.7 400.0 
clima_RAIMAT 2017 4 9 99 6.4 22.4 24.7 4.2 0.0 1.7 8.9 400.0 
clima_RAIMAT 2017 4 10 100 5.7 24.9 24.7 4.0 0.0 1.3 10.4 400.0 
clima_RAIMAT 2017 4 11 101 7.1 24.9 25.1 4.2 0.0 1.6 10.7 400.0 
clima_RAIMAT 2017 4 12 102 5.6 22.3 25.5 3.9 0.0 1.1 10.3 400.0 
clima_RAIMAT 2017 4 13 103 6.7 26.6 25.1 4.3 0.0 1.3 11.6 400.0 
clima_RAIMAT 2017 4 14 104 7.9 27.8 24.9 4.6 0.0 2.0 10.0 400.0 
clima_RAIMAT 2017 4 15 105 8.3 22.1 20.9 3.6 0.0 2.6 10.5 400.0 
clima_RAIMAT 2017 4 16 106 4.4 21.6 24.9 3.8 0.0 1.4 10.0 400.0 
clima_RAIMAT 2017 4 17 107 6.7 24.1 25.8 4.2 0.0 1.5 11.5 400.0 
clima_RAIMAT 2017 4 18 108 7.4 24.0 26.0 4.1 0.0 1.5 12.7 400.0 
clima_RAIMAT 2017 4 19 109 8.7 17.6 26.3 4.0 0.0 2.9 8.8 400.0 
clima_RAIMAT 2017 4 20 110 6.2 17.3 24.3 3.7 0.0 2.3 8.0 400.0 
clima_RAIMAT 2017 4 21 111 5.2 19.5 27.4 4.4 0.0 1.9 6.9 400.0 
clima_RAIMAT 2017 4 22 112 5.5 21.9 27.4 4.5 0.0 1.6 8.0 400.0 
clima_RAIMAT 2017 4 23 113 4.3 23.9 26.7 4.5 0.0 1.4 8.8 400.0 
clima_RAIMAT 2017 4 24 114 7.1 25.7 27.3 5.2 0.0 2.5 8.8 400.0 
clima_RAIMAT 2017 4 25 115 11.2 20.9 14.9 2.7 4.0 2.0 12.4 400.0 
clima_RAIMAT 2017 4 26 116 7.6 15.7 14.2 2.3 0.8 2.6 9.6 400.0 
clima_RAIMAT 2017 4 27 117 4.5 14.2 17.1 2.3 6.3 1.4 8.9 400.0 
clima_RAIMAT 2017 4 28 118 1.2 16.4 28.9 3.8 0.0 1.4 7.1 400.0 
clima_RAIMAT 2017 4 29 119 5.7 17.4 21.2 3.2 0.0 2.9 9.1 400.0 
clima_RAIMAT 2017 4 30 120 8.2 21.3 16.6 2.9 1.3 3.1 11.9 400.0 
clima_RAIMAT 2017 5 1 121 4.2 17.6 28.6 4.2 0.0 3.1 6.8 400.0 
clima_RAIMAT 2017 5 2 122 6.0 21.2 22.8 4.0 0.0 2.4 9.2 400.0 
clima_RAIMAT 2017 5 3 123 8.3 19.9 15.0 2.5 0.0 1.8 11.7 400.0 
clima_RAIMAT 2017 5 4 124 10.0 25.4 26.5 4.6 0.0 2.5 13.2 400.0 
clima_RAIMAT 2017 5 5 125 13.2 26.1 18.9 4.0 0.0 4.1 13.3 400.0 
clima_RAIMAT 2017 5 6 126 9.4 22.6 29.9 5.1 0.5 3.8 9.8 400.0 
clima_RAIMAT 2017 5 7 127 6.3 25.1 29.3 5.2 0.0 1.9 9.1 400.0 
clima_RAIMAT 2017 5 8 128 6.1 24.8 27.2 4.5 0.0 1.3 11.2 400.0 
clima_RAIMAT 2017 5 9 129 9.6 25.3 23.7 4.3 0.0 2.4 12.0 400.0 
clima_RAIMAT 2017 5 10 130 11.5 24.8 24.2 4.5 2.2 2.9 12.9 400.0 
clima_RAIMAT 2017 5 11 131 10.0 23.2 21.7 3.6 19.5 2.7 14.0 400.0 
clima_RAIMAT 2017 5 12 132 9.4 23.3 24.7 4.1 0.8 1.4 12.8 400.0 
clima_RAIMAT 2017 5 13 133 9.4 24.2 27.9 4.8 0.0 1.9 12.6 400.0 
clima_RAIMAT 2017 5 14 134 11.6 26.1 29.4 5.3 0.0 1.5 13.5 400.0 
clima_RAIMAT 2017 5 15 135 12.6 28.2 27.9 5.2 0.0 1.4 13.4 400.0 
clima_RAIMAT 2017 5 16 136 13.2 29.9 28.7 5.7 0.0 1.7 12.6 400.0 
clima_RAIMAT 2017 5 17 137 14.9 27.6 22.8 5.1 0.0 2.8 11.4 400.0 
clima_RAIMAT 2017 5 18 138 8.7 21.2 8.1 1.5 4.8 2.6 12.1 400.0 
clima_RAIMAT 2017 5 19 139 6.0 19.9 31.2 4.8 0.0 3.4 8.5 400.0 
clima_RAIMAT 2017 5 20 140 6.6 23.8 30.5 5.1 0.0 2.2 9.1 400.0 
clima_RAIMAT 2017 5 21 141 11.6 27.0 24.9 4.7 0.0 2.2 13.9 400.0 
clima_RAIMAT 2017 5 22 142 12.9 28.7 28.5 5.4 0.0 2.1 12.8 400.0 
clima_RAIMAT 2017 5 23 143 11.0 29.9 29.8 5.5 0.0 1.4 13.5 400.0 
clima_RAIMAT 2017 5 24 144 14.2 31.3 29.5 5.7 0.0 1.4 14.4 400.0 
clima_RAIMAT 2017 5 25 145 13.3 33.0 30.0 5.9 0.0 1.4 12.8 400.0 
clima_RAIMAT 2017 5 26 146 16.6 30.3 29.3 6.5 0.0 2.9 12.4 400.0 
clima_RAIMAT 2017 5 27 147 13.4 30.3 28.9 5.9 0.0 2.4 14.4 400.0 
clima_RAIMAT 2017 5 28 148 16.3 29.6 28.7 6.0 0.0 3.0 13.4 400.0 
clima_RAIMAT 2017 5 29 149 13.7 27.0 20.8 4.6 0.0 2.4 12.4 400.0 
clima_RAIMAT 2017 5 30 150 11.7 26.4 27.1 5.2 0.0 1.9 12.8 400.0 
clima_RAIMAT 2017 5 31 151 12.9 28.6 28.5 5.5 0.0 1.6 13.0 400.0 
clima_RAIMAT 2017 6 1 152 12.0 30.7 30.5 5.8 0.0 1.6 12.7 400.0 
clima_RAIMAT 2017 6 2 153 13.5 31.0 26.1 5.3 3.8 1.7 17.7 400.0 
clima_RAIMAT 2017 6 3 154 13.5 25.2 16.4 2.9 7.4 1.6 18.9 400.0 
clima_RAIMAT 2017 6 4 155 13.0 16.4 3.2 0.6 19.3 1.4 15.9 400.0 
clima_RAIMAT 2017 6 5 156 12.6 24.3 24.9 4.2 0.2 1.7 15.9 400.0 
clima_RAIMAT 2017 6 6 157 11.4 25.6 30.8 5.7 0.0 3.1 12.6 400.0 
clima_RAIMAT 2017 6 7 158 8.7 26.2 31.2 5.1 0.0 1.4 12.2 400.0 
clima_RAIMAT 2017 6 8 159 14.6 29.1 30.0 5.7 0.0 2.6 17.5 400.0 
clima_RAIMAT 2017 6 9 160 16.2 30.1 28.3 5.6 0.5 1.9 16.4 400.0 
clima_RAIMAT 2017 6 10 161 16.6 32.1 29.8 6.0 0.0 1.8 14.3 400.0 
clima_RAIMAT 2017 6 11 162 16.3 34.3 30.2 6.2 0.0 1.5 13.2 400.0 
clima_RAIMAT 2017 6 12 163 15.2 33.7 30.0 6.1 0.0 1.6 13.5 400.0 
clima_RAIMAT 2017 6 13 164 16.3 33.7 30.8 6.6 0.0 1.8 15.2 400.0 
clima_RAIMAT 2017 6 14 165 18.3 34.3 29.9 6.4 0.0 2.4 14.7 400.0 
clima_RAIMAT 2017 6 15 166 19.5 33.7 26.3 5.6 0.0 1.9 16.7 400.0 
clima_RAIMAT 2017 6 16 167 18.3 34.0 30.3 5.9 0.0 1.7 20.0 400.0 
clima_RAIMAT 2017 6 17 168 18.8 35.6 30.6 6.1 0.0 1.5 20.9 400.0 
clima_RAIMAT 2017 6 18 169 19.3 33.1 30.5 6.7 0.0 2.5 16.7 400.0 
clima_RAIMAT 2017 6 19 170 19.7 32.2 29.6 6.5 0.0 2.6 17.4 400.0 
clima_RAIMAT 2017 6 20 171 18.3 32.7 28.5 5.9 0.0 1.9 19.6 400.0 
clima_RAIMAT 2017 6 21 172 16.8 34.8 29.4 6.1 0.0 1.6 18.3 400.0 
clima_RAIMAT 2017 6 22 173 17.4 36.5 28.8 6.1 0.0 1.4 17.4 400.0 
clima_RAIMAT 2017 6 23 174 20.8 35.6 28.3 5.8 0.0 1.6 18.7 400.0 
clima_RAIMAT 2017 6 24 175 18.3 34.0 26.9 5.2 0.0 1.2 20.7 400.0 
clima_RAIMAT 2017 6 25 176 19.3 28.9 14.3 3.0 1.2 1.7 20.7 400.0 
clima_RAIMAT 2017 6 26 177 18.3 29.4 23.1 4.6 3.3 1.6 21.0 400.0 
clima_RAIMAT 2017 6 27 178 17.3 30.0 23.5 4.6 15.0 2.1 18.7 400.0 
clima_RAIMAT 2017 6 28 179 14.8 27.5 28.7 5.5 0.0 2.7 15.3 400.0 
clima_RAIMAT 2017 6 29 180 11.0 23.6 31.8 5.6 0.0 3.3 10.1 400.0 
clima_RAIMAT 2017 6 30 181 10.6 22.8 31.0 5.3 0.0 4.1 10.4 400.0 
clima_RAIMAT 2017 7 1 182 12.0 24.7 30.4 5.4 0.0 4.4 11.2 400.0 
clima_RAIMAT 2017 7 2 183 11.1 27.7 31.2 5.4 0.0 2.0 12.8 400.0 
clima_RAIMAT 2017 7 3 184 11.8 30.6 30.9 5.5 0.0 1.1 15.6 400.0 
clima_RAIMAT 2017 7 4 185 16.9 31.9 30.9 6.3 0.0 2.1 15.6 400.0 
clima_RAIMAT 2017 7 5 186 16.4 32.4 30.7 6.5 0.0 2.6 14.7 400.0 
clima_RAIMAT 2017 7 6 187 18.5 32.2 18.2 4.0 2.7 1.9 19.4 400.0 
clima_RAIMAT 2017 7 7 188 17.3 34.6 21.4 5.3 0.0 1.9 17.8 400.0 
clima_RAIMAT 2017 7 8 189 18.5 31.2 15.3 4.0 3.3 2.3 18.5 400.0 
clima_RAIMAT 2017 7 9 190 17.0 29.4 28.0 5.1 0.1 1.6 20.2 400.0 
clima_RAIMAT 2017 7 10 191 19.8 31.2 26.9 5.6 0.0 2.4 20.9 400.0 
clima_RAIMAT 2017 7 11 192 17.6 31.0 28.3 5.4 0.0 1.1 20.0 400.0 
clima_RAIMAT 2017 7 12 193 21.4 35.6 29.3 6.2 0.0 1.8 23.3 400.0 
clima_RAIMAT 2017 7 13 194 20.6 34.4 29.5 6.0 0.0 1.6 21.7 400.0 
clima_RAIMAT 2017 7 14 195 17.5 31.4 29.0 5.6 0.0 1.6 18.1 400.0 
clima_RAIMAT 2017 7 15 196 15.1 31.8 29.7 5.5 0.0 1.4 17.6 400.0 
clima_RAIMAT 2017 7 16 197 17.9 34.8 29.4 6.0 0.0 1.7 21.3 400.0 
clima_RAIMAT 2017 7 17 198 18.4 32.0 26.1 6.1 0.0 2.7 17.3 400.0 
clima_RAIMAT 2017 7 18 199 20.1 32.7 24.6 5.8 0.0 3.3 19.6 400.0 
clima_RAIMAT 2017 7 19 200 18.8 31.6 19.7 5.1 0.6 3.0 17.9 400.0 
clima_RAIMAT 2017 7 20 201 19.2 30.6 23.8 4.6 0.0 1.4 21.4 400.0 
clima_RAIMAT 2017 7 21 202 16.6 27.6 22.2 4.2 4.7 1.6 19.4 400.0 
clima_RAIMAT 2017 7 22 203 18.7 31.1 23.5 4.8 0.0 1.9 22.7 400.0 
clima_RAIMAT 2017 7 23 204 17.3 27.8 16.4 3.3 0.0 1.6 19.9 400.0 
clima_RAIMAT 2017 7 24 205 15.9 29.8 28.5 6.3 0.0 3.9 15.0 400.0 
clima_RAIMAT 2017 7 25 206 13.4 28.7 28.6 5.5 0.0 2.3 13.5 400.0 
clima_RAIMAT 2017 7 26 207 11.6 30.6 27.9 5.1 0.0 1.6 14.5 400.0 
clima_RAIMAT 2017 7 27 208 14.9 35.5 28.8 5.7 0.0 1.4 17.3 400.0 
clima_RAIMAT 2017 7 28 209 20.3 34.0 27.5 5.6 0.0 2.1 21.9 400.0 
clima_RAIMAT 2017 7 29 210 19.0 33.7 27.5 5.8 0.0 1.9 21.6 400.0 
clima_RAIMAT 2017 7 30 211 19.3 36.1 27.4 6.1 0.0 2.2 19.3 400.0 
clima_RAIMAT 2017 7 31 212 18.7 34.8 26.8 6.1 0.0 2.5 18.6 400.0 
clima_RAIMAT 2017 8 1 213 20.5 28.8 15.2 3.2 0.0 1.8 21.4 400.0 
clima_RAIMAT 2017 8 2 214 21.9 35.2 22.7 5.1 0.0 1.7 19.9 400.0 
clima_RAIMAT 2017 8 3 215 18.9 38.7 27.4 5.8 0.0 1.2 19.8 400.0 
clima_RAIMAT 2017 8 4 216 19.8 36.6 26.9 5.7 0.0 1.4 19.9 400.0 
clima_RAIMAT 2017 8 5 217 21.5 36.5 26.5 6.0 0.0 2.0 21.6 400.0 
clima_RAIMAT 2017 8 6 218 17.4 30.7 26.1 4.9 0.0 1.3 18.5 400.0 
clima_RAIMAT 2017 8 7 219 20.7 32.2 20.6 4.6 0.0 2.7 24.2 400.0 
clima_RAIMAT 2017 8 8 220 16.6 26.9 26.7 5.5 0.0 3.3 14.3 400.0 
clima_RAIMAT 2017 8 9 221 11.7 19.3 7.0 1.5 9.4 1.4 13.4 400.0 
clima_RAIMAT 2017 8 10 222 9.3 25.2 28.2 5.0 0.0 2.8 12.0 400.0 
clima_RAIMAT 2017 8 11 223 11.5 26.5 27.7 4.8 0.0 1.8 11.9 400.0 
clima_RAIMAT 2017 8 12 224 10.3 28.8 26.9 4.8 0.0 1.4 13.6 400.0 
clima_RAIMAT 2017 8 13 225 13.6 31.6 26.5 5.3 0.0 1.6 15.6 400.0 
clima_RAIMAT 2017 8 14 226 17.3 32.6 26.5 5.9 0.0 2.6 16.7 400.0 
clima_RAIMAT 2017 8 15 227 19.0 31.9 23.0 5.1 0.0 2.7 18.2 400.0 
clima_RAIMAT 2017 8 16 228 18.2 32.0 23.0 4.6 0.0 1.1 22.0 400.0 
clima_RAIMAT 2017 8 17 229 15.6 35.1 25.8 5.1 0.0 1.4 17.8 400.0 
clima_RAIMAT 2017 8 18 230 20.1 33.9 24.3 5.1 0.0 1.6 20.7 400.0 
clima_RAIMAT 2017 8 19 231 16.8 30.6 24.0 4.5 0.0 1.3 18.5 400.0 
clima_RAIMAT 2017 8 20 232 14.4 29.8 26.1 4.7 0.0 1.4 14.9 400.0 
clima_RAIMAT 2017 8 21 233 17.6 33.3 25.0 4.9 0.0 1.4 20.2 400.0 
clima_RAIMAT 2017 8 22 234 17.0 33.5 25.2 5.4 0.0 1.9 19.9 400.0 
clima_RAIMAT 2017 8 23 235 17.3 32.0 21.4 4.6 0.7 1.8 19.8 400.0 
clima_RAIMAT 2017 8 24 236 18.6 32.7 23.7 5.2 1.6 2.3 19.1 400.0 
clima_RAIMAT 2017 8 25 237 20.5 31.3 18.4 4.4 0.0 2.9 17.4 400.0 
clima_RAIMAT 2017 8 26 238 18.9 33.2 18.5 4.3 0.2 2.1 20.6 400.0 
clima_RAIMAT 2017 8 27 239 18.0 32.9 14.7 3.5 1.8 1.6 24.7 400.0 
clima_RAIMAT 2017 8 28 240 16.0 33.8 19.7 4.3 0.1 1.3 22.3 400.0 
clima_RAIMAT 2017 8 29 241 16.8 27.3 11.1 2.4 0.4 1.6 20.7 400.0 
clima_RAIMAT 2017 8 30 242 18.1 28.0 19.8 4.0 1.8 1.6 20.3 400.0 
clima_RAIMAT 2017 8 31 243 14.5 26.0 20.7 3.8 0.0 1.9 16.4 400.0 
clima_RAIMAT 2017 9 1 244 13.4 25.5 23.8 4.7 0.3 2.9 12.2 400.0 
clima_RAIMAT 2017 9 2 245 10.9 25.7 24.5 4.6 0.0 2.2 11.6 400.0 
clima_RAIMAT 2017 9 3 246 8.8 27.2 18.6 3.6 0.1 1.1 13.0 400.0 
clima_RAIMAT 2017 9 4 247 16.7 28.8 20.9 4.3 0.0 2.1 18.3 400.0 
clima_RAIMAT 2017 9 5 248 15.9 31.4 22.9 4.4 0.0 1.2 19.9 400.0 
clima_RAIMAT 2017 9 6 249 15.7 29.8 21.9 4.4 0.0 2.1 17.1 400.0 
clima_RAIMAT 2017 9 7 250 9.7 25.7 21.6 3.8 0.0 1.6 12.5 400.0 
clima_RAIMAT 2017 9 8 251 7.8 27.2 21.7 3.7 0.0 1.1 12.6 400.0 
clima_RAIMAT 2017 9 9 252 13.4 22.5 7.5 1.8 0.3 2.9 11.9 400.0 
clima_RAIMAT 2017 9 10 253 10.7 23.4 23.1 4.2 0.0 4.4 10.5 400.0 
clima_RAIMAT 2017 9 11 254 12.3 27.1 22.5 4.6 0.0 3.6 12.8 400.0 
clima_RAIMAT 2017 9 12 255 12.8 24.4 19.3 3.8 0.0 3.2 11.1 400.0 
clima_RAIMAT 2017 9 13 256 10.2 29.0 21.8 3.9 0.0 1.2 13.4 400.0 
clima_RAIMAT 2017 9 14 257 12.5 28.1 18.8 3.9 1.4 2.7 13.8 400.0 
clima_RAIMAT 2017 9 15 258 7.2 14.2 6.0 0.9 10.0 1.1 11.4 400.0 
clima_RAIMAT 2017 9 16 259 5.8 20.2 20.8 3.1 0.1 1.9 10.5 400.0 
clima_RAIMAT 2017 9 17 260 5.3 22.3 20.5 3.3 0.0 1.2 10.1 400.0 
clima_RAIMAT 2017 9 18 261 10.6 22.7 18.6 3.4 0.0 2.4 12.5 400.0 
clima_RAIMAT 2017 9 19 262 8.3 23.1 21.5 3.7 0.0 2.3 10.7 400.0 
clima_RAIMAT 2017 9 20 263 5.0 23.5 20.7 3.3 0.0 1.1 10.6 400.0 
clima_RAIMAT 2017 9 21 264 8.2 26.6 18.8 3.3 0.0 1.4 13.5 400.0 
clima_RAIMAT 2017 9 22 265 14.3 20.4 7.2 1.2 4.6 1.9 17.2 400.0 
clima_RAIMAT 2017 9 23 266 10.6 25.1 18.3 3.1 0.0 0.9 15.9 400.0 
clima_RAIMAT 2017 9 24 267 11.1 28.3 19.1 3.4 0.0 1.1 17.4 400.0 
clima_RAIMAT 2017 9 25 268 13.7 27.8 17.5 3.4 0.0 1.8 16.6 400.0 
clima_RAIMAT 2017 9 26 269 10.0 23.9 18.3 3.0 0.0 1.2 14.5 400.0 
clima_RAIMAT 2017 9 27 270 13.8 26.0 17.3 3.0 0.0 1.6 17.0 400.0 
clima_RAIMAT 2017 9 28 271 15.0 27.0 18.4 3.3 0.0 1.8 17.9 400.0 
clima_RAIMAT 2017 9 29 272 13.7 27.0 18.7 3.3 0.0 1.4 17.2 400.0 
clima_RAIMAT 2017 9 30 273 12.7 19.4 5.5 1.0 0.7 0.9 16.0 400.0 
clima_RAIMAT 2017 10 1 274 13.6 21.2 8.9 1.6 0.0 0.9 16.5 400.0 
clima_RAIMAT 2017 10 2 275 13.3 26.9 17.1 3.0 0.0 1.1 17.6 400.0 
clima_RAIMAT 2017 10 3 276 14.5 25.1 14.1 2.5 0.0 1.1 18.9 400.0 
clima_RAIMAT 2017 10 4 277 11.8 27.8 17.1 3.0 0.0 1.1 18.2 400.0 
clima_RAIMAT 2017 10 5 278 12.0 28.1 17.5 3.2 0.0 1.3 17.3 400.0 
clima_RAIMAT 2017 10 6 279 10.3 27.0 18.0 3.3 0.0 1.9 14.2 400.0 
clima_RAIMAT 2017 10 7 280 6.3 22.6 17.7 2.8 0.0 1.3 11.3 400.0 
clima_RAIMAT 2017 10 8 281 6.1 24.3 17.7 2.8 0.0 1.1 12.1 400.0 
clima_RAIMAT 2017 10 9 282 6.5 24.3 17.3 2.8 0.0 1.1 11.7 400.0 
clima_RAIMAT 2017 10 10 283 6.3 25.3 17.3 2.8 0.0 1.1 12.4 400.0 
clima_RAIMAT 2017 10 11 284 8.8 26.1 16.2 2.8 0.0 1.2 14.5 400.0 
clima_RAIMAT 2017 10 12 285 10.7 26.3 15.6 2.7 0.0 1.1 16.4 400.0 
clima_RAIMAT 2017 10 13 286 10.2 26.7 15.2 2.7 0.0 1.1 16.8 400.0 
clima_RAIMAT 2017 10 14 287 14.1 25.8 13.6 2.6 0.0 2.2 17.9 400.0 
clima_RAIMAT 2017 10 15 288 15.7 25.5 11.7 2.2 0.0 2.4 17.9 400.0 
clima_RAIMAT 2017 10 16 289 12.9 25.5 15.6 2.7 0.0 2.1 16.2 400.0 
clima_RAIMAT 2017 10 17 290 12.9 24.8 15.4 2.8 0.0 2.6 15.2 400.0 
clima_RAIMAT 2017 10 18 291 13.2 22.6 6.1 1.1 29.3 3.3 17.6 400.0 
clima_RAIMAT 2017 10 19 292 10.5 15.5 4.3 0.7 3.7 1.4 13.3 400.0 
clima_RAIMAT 2017 10 20 293 8.8 21.5 12.4 1.9 0.0 1.1 13.6 400.0 
clima_RAIMAT 2017 10 21 294 7.8 23.4 13.2 2.1 0.1 1.4 13.6 400.0 
clima_RAIMAT 2017 10 22 295 7.4 19.0 15.1 2.3 0.0 2.4 10.5 400.0 
clima_RAIMAT 2017 10 23 296 4.3 18.9 14.8 2.0 0.0 1.2 10.6 400.0 
clima_RAIMAT 2017 10 24 297 5.0 22.6 14.5 2.2 0.0 0.9 11.7 400.0 
clima_RAIMAT 2017 10 25 298 6.0 24.4 14.2 2.3 0.0 0.8 13.1 400.0 
clima_RAIMAT 2017 10 26 299 7.3 24.4 14.0 2.2 0.0 0.9 14.6 400.0 
clima_RAIMAT 2017 10 27 300 7.6 24.0 14.0 2.2 0.0 1.5 13.3 400.0 
clima_RAIMAT 2017 10 28 301 5.5 22.0 14.0 2.0 0.0 1.2 12.1 400.0 
clima_RAIMAT 2017 10 29 302 2.4 18.9 14.1 1.9 0.0 1.4 9.5 400.0 
clima_RAIMAT 2017 10 30 303 3.7 19.9 13.5 1.9 0.0 1.4 10.8 400.0 
clima_RAIMAT 2017 10 31 304 2.7 18.0 13.4 1.7 0.0 1.1 9.4 400.0 
clima_RAIMAT 2017 11 1 305 9.8 20.2 11.0 1.7 0.0 1.4 12.4 400.0 
clima_RAIMAT 2017 11 2 306 10.1 20.2 8.3 1.3 0.0 1.4 13.9 400.0 
clima_RAIMAT 2017 11 3 307 11.7 21.9 10.9 1.8 0.0 1.7 14.9 400.0 
clima_RAIMAT 2017 11 4 308 11.6 19.4 6.9 1.1 1.3 1.7 14.8 400.0 
clima_RAIMAT 2017 11 5 309 7.5 17.3 13.0 2.2 0.0 4.4 9.5 400.0 
clima_RAIMAT 2017 11 6 310 3.5 15.4 13.1 2.0 0.0 2.9 6.5 400.0 
clima_RAIMAT 2017 11 7 311 -3.7 14.0 13.3 1.6 0.0 1.6 5.4 400.0 
clima_RAIMAT 2017 11 8 312 -0.9 13.8 9.3 1.5 0.0 2.4 6.4 400.0 
clima_RAIMAT 2017 11 9 313 2.1 16.4 11.6 1.6 0.0 1.8 7.8 400.0 
clima_RAIMAT 2017 11 10 314 -1.0 14.3 9.8 1.2 0.0 1.2 7.3 400.0 
clima_RAIMAT 2017 11 11 315 3.8 17.3 4.6 0.7 0.0 1.6 9.7 400.0 
clima_RAIMAT 2017 11 12 316 1.8 18.9 11.9 1.8 0.0 3.2 9.2 400.0 
clima_RAIMAT 2017 11 13 317 0.9 16.0 12.0 1.8 0.0 3.1 4.9 400.0 
clima_RAIMAT 2017 11 14 318 -1.7 13.0 11.9 1.4 0.0 1.6 5.5 400.0 
clima_RAIMAT 2017 11 15 319 -4.4 11.9 10.6 1.2 0.0 1.0 5.7 400.0 
clima_RAIMAT 2017 11 16 320 -3.2 13.4 11.1 1.2 0.0 0.6 6.3 400.0 
clima_RAIMAT 2017 11 17 321 -2.6 15.6 10.7 1.2 0.0 0.7 7.0 400.0 
clima_RAIMAT 2017 11 18 322 -2.0 14.2 10.7 1.2 0.0 1.0 7.3 400.0 
clima_RAIMAT 2017 11 19 323 -2.2 14.2 10.7 1.1 0.0 0.9 7.8 400.0 
clima_RAIMAT 2017 11 20 324 -2.8 14.5 10.5 1.1 0.0 0.7 7.6 400.0 
clima_RAIMAT 2017 11 21 325 -2.9 14.2 10.2 1.1 0.1 0.9 7.4 400.0 
clima_RAIMAT 2017 11 22 326 -2.9 15.2 10.2 1.1 0.0 0.9 7.6 400.0 
clima_RAIMAT 2017 11 23 327 0.4 17.4 7.6 0.9 0.0 0.9 8.9 400.0 
clima_RAIMAT 2017 11 24 328 3.9 17.2 6.6 0.9 0.0 0.7 9.5 400.0 
clima_RAIMAT 2017 11 25 329 5.4 16.9 7.3 1.2 0.0 3.0 8.9 400.0 
clima_RAIMAT 2017 11 26 330 -3.6 12.9 10.6 1.2 0.0 1.8 5.5 400.0 
clima_RAIMAT 2017 11 27 331 -2.3 8.9 8.0 0.8 0.0 1.0 6.2 400.0 
clima_RAIMAT 2017 11 28 332 -5.6 10.8 9.9 0.9 0.0 0.8 5.9 400.0 
clima_RAIMAT 2017 11 29 333 -4.6 10.5 9.6 0.9 0.0 0.9 6.0 400.0 
clima_RAIMAT 2017 11 30 334 -7.3 10.4 10.2 1.0 0.0 1.9 4.8 400.0 
clima_RAIMAT 2017 12 1 335 -0.3 10.2 5.4 0.7 0.1 3.4 5.4 400.0 
clima_RAIMAT 2017 12 2 336 -3.7 9.7 10.0 1.4 0.0 3.1 3.7 400.0 
clima_RAIMAT 2017 12 3 337 -7.2 8.3 10.1 1.0 0.0 1.5 3.5 400.0 
clima_RAIMAT 2017 12 4 338 -7.6 8.4 9.8 0.9 0.0 0.9 4.4 400.0 
clima_RAIMAT 2017 12 5 339 -6.8 9.1 9.3 0.9 0.0 0.6 5.2 400.0 
clima_RAIMAT 2017 12 6 340 -7.3 8.9 9.0 0.8 0.0 0.6 5.4 400.0 
clima_RAIMAT 2017 12 7 341 -6.4 5.4 6.0 0.5 0.0 0.5 5.1 400.0 
clima_RAIMAT 2017 12 8 342 -5.2 9.9 5.6 0.6 0.0 1.4 5.8 400.0 
clima_RAIMAT 2017 12 9 343 -1.0 11.2 9.2 0.9 0.4 1.5 6.2 400.0 
clima_RAIMAT 2017 12 10 344 1.1 9.6 3.3 0.4 1.6 1.1 8.0 400.0 
clima_RAIMAT 2017 12 11 345 4.7 11.5 4.1 0.7 0.5 2.9 7.8 400.0 
clima_RAIMAT 2017 12 12 346 -2.5 11.4 9.0 0.9 0.0 1.9 6.0 400.0 
clima_RAIMAT 2017 12 13 347 -5.0 7.2 5.4 0.5 0.1 0.6 5.6 400.0 
clima_RAIMAT 2017 12 14 348 -0.7 12.6 5.2 0.6 0.3 0.9 7.4 400.0 
clima_RAIMAT 2017 12 15 349 4.0 11.8 8.8 1.1 0.3 4.1 7.6 400.0 
clima_RAIMAT 2017 12 16 350 -1.5 11.2 9.4 1.0 0.0 2.9 6.3 400.0 
clima_RAIMAT 2017 12 17 351 -3.9 10.5 9.3 0.8 0.0 1.3 5.6 400.0 
clima_RAIMAT 2017 12 18 352 -2.5 8.9 4.5 0.4 0.0 1.3 6.6 400.0 
clima_RAIMAT 2017 12 19 353 -2.1 8.9 5.4 0.5 0.0 1.2 6.9 400.0 
clima_RAIMAT 2017 12 20 354 -3.0 4.8 3.9 0.3 0.1 1.4 6.2 400.0 
clima_RAIMAT 2017 12 21 355 -4.4 4.0 3.9 0.3 0.1 0.4 5.8 400.0 
clima_RAIMAT 2017 12 22 356 -3.2 5.9 4.9 0.4 0.1 0.5 6.4 400.0 
clima_RAIMAT 2017 12 23 357 -3.8 3.1 2.6 0.2 0.2 0.6 5.8 400.0 
clima_RAIMAT 2017 12 24 358 1.2 3.0 2.0 0.2 0.4 0.6 7.0 400.0 
clima_RAIMAT 2017 12 25 359 0.5 3.3 2.7 0.3 0.3 0.6 6.9 400.0 
clima_RAIMAT 2017 12 26 360 1.9 4.7 2.3 0.2 1.0 1.0 7.6 400.0 
clima_RAIMAT 2017 12 27 361 1.6 9.8 9.1 1.0 4.7 4.6 7.2 400.0 
clima_RAIMAT 2017 12 28 362 2.2 8.3 3.7 0.4 2.1 2.4 7.4 400.0 
clima_RAIMAT 2017 12 29 363 3.3 12.7 3.9 0.5 0.5 2.1 9.0 400.0 
clima_RAIMAT 2017 12 30 364 1.8 17.9 9.2 1.2 0.1 1.9 9.8 400.0 
clima_RAIMAT 2017 12 31 365 0.4 10.6 5.5 0.6 0.0 1.5 8.1 400.0 
