clima_RAIMAT 2015 1 1 1 -5.6 8.5 9.4 0.8 0.0 1.1 5.0 400.0 
clima_RAIMAT 2015 1 2 2 -5.1 8.9 8.7 0.8 0.0 0.6 5.4 400.0 
clima_RAIMAT 2015 1 3 3 -4.2 12.5 8.8 0.8 0.0 0.7 6.4 400.0 
clima_RAIMAT 2015 1 4 4 -2.0 14.5 9.0 0.9 0.0 1.1 7.7 400.0 
clima_RAIMAT 2015 1 5 5 -2.4 8.2 7.6 0.7 0.2 0.6 7.1 400.0 
clima_RAIMAT 2015 1 6 6 2.7 3.9 1.6 0.2 0.1 1.5 7.5 400.0 
clima_RAIMAT 2015 1 7 7 2.6 4.6 1.6 0.2 0.0 0.9 7.6 400.0 
clima_RAIMAT 2015 1 8 8 3.3 4.7 1.8 0.2 0.0 1.3 7.5 400.0 
clima_RAIMAT 2015 1 9 9 1.9 5.0 2.5 0.3 0.0 0.9 7.4 400.0 
clima_RAIMAT 2015 1 10 10 2.3 5.2 2.6 0.3 0.3 0.7 7.8 400.0 
clima_RAIMAT 2015 1 11 11 -1.0 6.7 5.5 0.4 0.2 1.1 7.3 400.0 
clima_RAIMAT 2015 1 12 12 -2.0 5.4 3.9 0.4 0.4 0.7 6.8 400.0 
clima_RAIMAT 2015 1 13 13 -1.7 12.0 9.2 0.9 0.2 0.7 8.1 400.0 
clima_RAIMAT 2015 1 14 14 -0.5 8.0 4.4 0.4 0.3 0.7 7.8 400.0 
clima_RAIMAT 2015 1 15 15 -1.9 5.9 4.7 0.4 0.2 0.7 6.9 400.0 
clima_RAIMAT 2015 1 16 16 2.1 10.6 5.0 0.6 3.8 3.3 8.1 400.0 
clima_RAIMAT 2015 1 17 17 -0.9 10.1 10.4 1.1 0.0 1.7 6.4 400.0 
clima_RAIMAT 2015 1 18 18 -3.0 9.6 8.2 0.8 0.0 1.5 6.1 400.0 
clima_RAIMAT 2015 1 19 19 1.7 6.5 4.3 0.5 0.3 1.6 6.8 400.0 
clima_RAIMAT 2015 1 20 20 -1.3 6.4 7.9 0.8 0.0 0.8 5.9 400.0 
clima_RAIMAT 2015 1 21 21 -3.6 6.3 6.5 0.6 0.1 1.4 5.9 400.0 
clima_RAIMAT 2015 1 22 22 -3.7 8.4 10.1 1.0 0.0 1.4 5.9 400.0 
clima_RAIMAT 2015 1 23 23 -1.1 12.6 11.3 1.4 0.0 3.0 5.5 400.0 
clima_RAIMAT 2015 1 24 24 -1.2 12.3 8.8 1.0 0.0 3.4 6.0 400.0 
clima_RAIMAT 2015 1 25 25 -0.7 12.2 10.8 1.5 0.0 3.2 4.5 400.0 
clima_RAIMAT 2015 1 26 26 -3.4 6.4 7.6 0.9 0.0 1.3 4.7 400.0 
clima_RAIMAT 2015 1 27 27 -2.0 10.1 5.1 0.6 0.0 1.6 6.1 400.0 
clima_RAIMAT 2015 1 28 28 0.0 12.9 10.6 1.2 0.0 2.0 7.1 400.0 
clima_RAIMAT 2015 1 29 29 0.2 13.2 9.3 1.4 0.0 3.3 6.7 400.0 
clima_RAIMAT 2015 1 30 30 5.6 13.6 3.2 0.8 9.6 5.1 9.1 400.0 
clima_RAIMAT 2015 1 31 31 2.7 9.3 11.6 1.1 0.3 5.3 7.3 400.0 
clima_RAIMAT 2015 2 1 32 1.5 7.0 12.2 1.1 0.0 6.1 6.3 400.0 
clima_RAIMAT 2015 2 2 33 -2.8 8.7 10.6 1.1 0.2 1.3 5.9 400.0 
clima_RAIMAT 2015 2 3 34 0.8 8.7 10.5 1.3 1.5 3.4 6.2 400.0 
clima_RAIMAT 2015 2 4 35 -0.3 4.7 9.0 0.7 11.7 3.0 5.8 400.0 
clima_RAIMAT 2015 2 5 36 -2.5 8.5 13.0 1.4 0.0 4.2 3.8 400.0 
clima_RAIMAT 2015 2 6 37 -4.0 5.2 13.4 1.2 0.0 2.9 4.0 400.0 
clima_RAIMAT 2015 2 7 38 -3.5 5.0 12.7 1.1 0.0 1.0 4.6 400.0 
clima_RAIMAT 2015 2 8 39 -3.3 8.9 13.4 1.2 0.0 2.4 5.5 400.0 
clima_RAIMAT 2015 2 9 40 -3.2 8.8 13.5 1.3 0.0 1.1 5.6 400.0 
clima_RAIMAT 2015 2 10 41 -5.0 10.2 13.8 1.4 0.0 0.7 5.7 400.0 
clima_RAIMAT 2015 2 11 42 -3.4 9.5 6.4 0.8 0.0 0.8 5.9 400.0 
clima_RAIMAT 2015 2 12 43 -1.0 10.5 6.8 0.8 0.0 1.0 6.9 400.0 
clima_RAIMAT 2015 2 13 44 -1.7 12.0 11.4 1.2 0.0 1.0 7.1 400.0 
clima_RAIMAT 2015 2 14 45 1.0 14.3 10.8 1.5 0.5 2.1 8.0 400.0 
clima_RAIMAT 2015 2 15 46 3.6 13.7 5.7 0.7 0.2 2.0 9.1 400.0 
clima_RAIMAT 2015 2 16 47 -1.1 15.3 13.8 1.6 0.0 1.8 6.7 400.0 
clima_RAIMAT 2015 2 17 48 3.2 12.9 8.1 1.1 0.0 1.3 8.0 400.0 
clima_RAIMAT 2015 2 18 49 0.9 12.4 14.1 1.5 0.0 1.5 7.1 400.0 
clima_RAIMAT 2015 2 19 50 -1.9 13.3 14.6 1.6 0.0 1.0 7.0 400.0 
clima_RAIMAT 2015 2 20 51 -2.1 12.9 14.8 1.7 0.0 1.2 6.7 400.0 
clima_RAIMAT 2015 2 21 52 2.6 13.1 11.4 1.4 1.1 4.1 7.9 400.0 
clima_RAIMAT 2015 2 22 53 1.1 13.6 16.6 2.2 0.0 4.2 6.2 400.0 
clima_RAIMAT 2015 2 23 54 0.2 17.2 14.9 2.2 4.4 3.9 8.1 400.0 
clima_RAIMAT 2015 2 24 55 3.0 9.7 16.8 1.6 0.0 7.4 6.4 400.0 
clima_RAIMAT 2015 2 25 56 2.2 16.0 16.1 2.0 0.0 5.2 8.0 400.0 
clima_RAIMAT 2015 2 26 57 7.7 18.8 14.2 2.5 0.0 4.6 9.7 400.0 
clima_RAIMAT 2015 2 27 58 2.1 14.2 16.3 2.8 0.0 5.1 5.3 400.0 
clima_RAIMAT 2015 2 28 59 -1.9 13.7 15.4 1.9 0.0 1.8 6.4 400.0 
clima_RAIMAT 2015 3 1 60 5.5 20.0 14.8 2.4 0.1 2.0 10.7 400.0 
clima_RAIMAT 2015 3 2 61 9.0 21.2 16.2 2.8 0.0 3.6 11.7 400.0 
clima_RAIMAT 2015 3 3 62 6.2 20.2 15.9 2.4 0.0 1.5 11.4 400.0 
clima_RAIMAT 2015 3 4 63 3.7 16.0 17.2 2.8 0.0 4.3 7.3 400.0 
clima_RAIMAT 2015 3 5 64 0.9 15.7 19.0 2.8 0.0 3.7 4.9 400.0 
clima_RAIMAT 2015 3 6 65 -1.8 15.6 18.5 2.3 0.0 1.1 5.7 400.0 
clima_RAIMAT 2015 3 7 66 -0.2 19.0 18.3 2.5 0.0 1.4 7.7 400.0 
clima_RAIMAT 2015 3 8 67 5.3 18.2 15.8 2.5 0.0 1.5 8.5 400.0 
clima_RAIMAT 2015 3 9 68 4.9 14.9 9.6 1.5 0.0 1.1 8.4 400.0 
clima_RAIMAT 2015 3 10 69 4.0 19.4 17.8 2.6 0.0 1.1 9.2 400.0 
clima_RAIMAT 2015 3 11 70 4.5 20.9 17.9 2.7 0.0 1.3 9.2 400.0 
clima_RAIMAT 2015 3 12 71 5.2 20.6 18.1 2.6 0.0 1.3 10.1 400.0 
clima_RAIMAT 2015 3 13 72 4.2 17.2 17.1 2.5 0.0 3.2 8.6 400.0 
clima_RAIMAT 2015 3 14 73 0.9 13.1 18.4 2.2 0.0 3.9 6.4 400.0 
clima_RAIMAT 2015 3 15 74 -2.1 13.4 20.0 2.4 0.0 1.4 6.1 400.0 
clima_RAIMAT 2015 3 16 75 2.4 14.0 19.4 2.4 0.0 1.1 7.3 400.0 
clima_RAIMAT 2015 3 17 76 1.4 16.7 19.9 2.8 0.0 2.0 7.5 400.0 
clima_RAIMAT 2015 3 18 77 6.8 14.7 6.3 1.3 0.0 2.8 9.3 400.0 
clima_RAIMAT 2015 3 19 78 7.5 18.2 11.8 2.3 0.0 2.1 9.3 400.0 
clima_RAIMAT 2015 3 20 79 5.2 16.2 9.8 1.7 8.8 1.9 9.3 400.0 
clima_RAIMAT 2015 3 21 80 9.2 14.9 9.8 1.4 5.0 4.4 11.1 400.0 
clima_RAIMAT 2015 3 22 81 7.0 13.9 10.2 1.4 6.6 1.9 10.9 400.0 
clima_RAIMAT 2015 3 23 82 8.5 15.5 12.1 1.8 2.6 4.6 10.6 400.0 
clima_RAIMAT 2015 3 24 83 6.8 14.1 6.3 1.2 3.2 3.1 10.1 400.0 
clima_RAIMAT 2015 3 25 84 2.8 14.7 21.3 2.7 3.3 4.3 7.7 400.0 
clima_RAIMAT 2015 3 26 85 -0.5 15.9 21.9 2.7 0.0 3.1 7.1 400.0 
clima_RAIMAT 2015 3 27 86 7.0 20.9 23.0 3.6 0.0 3.9 9.2 400.0 
clima_RAIMAT 2015 3 28 87 9.9 21.0 23.0 3.5 0.0 4.2 11.0 400.0 
clima_RAIMAT 2015 3 29 88 8.4 19.8 18.9 3.0 0.0 4.1 9.6 400.0 
clima_RAIMAT 2015 3 30 89 10.9 20.8 19.3 3.6 0.0 5.6 9.5 400.0 
clima_RAIMAT 2015 3 31 90 8.9 22.2 23.9 4.1 0.0 4.8 10.8 400.0 
clima_RAIMAT 2015 4 1 91 5.6 19.3 23.7 3.7 0.0 3.4 7.9 400.0 
clima_RAIMAT 2015 4 2 92 2.4 19.2 23.3 3.1 0.0 1.6 8.2 400.0 
clima_RAIMAT 2015 4 3 93 4.1 20.5 22.2 3.2 0.0 1.6 8.9 400.0 
clima_RAIMAT 2015 4 4 94 5.1 18.7 23.7 3.3 0.0 2.3 8.8 400.0 
clima_RAIMAT 2015 4 5 95 3.4 20.1 24.6 3.3 0.0 2.0 9.8 400.0 
clima_RAIMAT 2015 4 6 96 6.7 17.9 20.7 3.1 0.0 1.8 9.3 400.0 
clima_RAIMAT 2015 4 7 97 5.7 17.9 21.8 3.5 0.0 1.9 8.7 400.0 
clima_RAIMAT 2015 4 8 98 2.1 18.1 25.2 3.8 0.0 1.5 7.0 400.0 
clima_RAIMAT 2015 4 9 99 1.9 20.2 25.1 4.3 0.0 2.9 6.2 400.0 
clima_RAIMAT 2015 4 10 100 7.2 20.2 23.8 4.0 0.0 2.1 7.8 400.0 
clima_RAIMAT 2015 4 11 101 8.5 19.2 17.9 2.9 0.0 1.4 10.6 400.0 
clima_RAIMAT 2015 4 12 102 7.2 22.5 22.7 4.0 0.0 1.3 10.1 400.0 
clima_RAIMAT 2015 4 13 103 5.1 24.5 24.5 4.5 0.0 1.4 8.6 400.0 
clima_RAIMAT 2015 4 14 104 6.6 26.3 24.5 4.7 0.0 1.7 8.6 400.0 
clima_RAIMAT 2015 4 15 105 8.7 19.7 9.8 2.6 0.0 2.6 7.1 400.0 
clima_RAIMAT 2015 4 16 106 9.5 20.5 17.9 3.1 0.0 1.6 11.9 400.0 
clima_RAIMAT 2015 4 17 107 6.6 22.0 24.2 3.8 0.0 1.5 11.7 400.0 
clima_RAIMAT 2015 4 18 108 10.4 23.2 17.8 3.5 2.8 2.7 12.6 400.0 
clima_RAIMAT 2015 4 19 109 8.5 18.9 24.5 3.7 0.1 2.5 10.7 400.0 
clima_RAIMAT 2015 4 20 110 4.7 21.3 27.1 4.1 0.0 1.4 9.9 400.0 
clima_RAIMAT 2015 4 21 111 6.3 23.9 25.4 4.6 0.0 1.7 10.5 400.0 
clima_RAIMAT 2015 4 22 112 10.2 19.7 14.8 2.6 2.1 2.4 10.2 400.0 
clima_RAIMAT 2015 4 23 113 7.1 22.9 26.3 4.5 0.0 2.2 11.2 400.0 
clima_RAIMAT 2015 4 24 114 9.5 24.0 21.4 3.8 0.2 1.4 12.0 400.0 
clima_RAIMAT 2015 4 25 115 11.9 23.2 20.2 3.6 0.0 1.6 13.4 400.0 
clima_RAIMAT 2015 4 26 116 11.3 20.3 16.1 2.8 2.3 1.6 13.6 400.0 
clima_RAIMAT 2015 4 27 117 9.4 19.5 23.6 3.7 0.0 5.9 10.9 400.0 
clima_RAIMAT 2015 4 28 118 7.1 20.4 27.7 4.5 0.0 2.9 8.3 400.0 
clima_RAIMAT 2015 4 29 119 5.9 20.0 21.7 3.3 1.1 1.6 10.4 400.0 
clima_RAIMAT 2015 4 30 120 10.0 23.3 26.5 4.4 0.0 1.4 12.3 400.0 
clima_RAIMAT 2015 5 1 121 10.8 23.3 20.4 3.7 0.0 2.4 14.2 400.0 
clima_RAIMAT 2015 5 2 122 12.0 27.2 23.7 4.4 0.0 1.3 15.0 400.0 
clima_RAIMAT 2015 5 3 123 15.2 26.9 20.7 4.1 0.0 1.4 16.5 400.0 
clima_RAIMAT 2015 5 4 124 16.2 23.5 7.9 2.1 0.0 1.9 14.4 400.0 
clima_RAIMAT 2015 5 5 125 11.9 23.4 19.6 3.9 0.0 2.1 11.5 400.0 
clima_RAIMAT 2015 5 6 126 9.1 23.4 29.2 5.2 0.0 2.1 10.5 400.0 
clima_RAIMAT 2015 5 7 127 10.0 24.9 25.3 4.6 0.0 2.5 12.0 400.0 
clima_RAIMAT 2015 5 8 128 13.6 25.6 28.4 5.6 0.0 3.5 12.1 400.0 
clima_RAIMAT 2015 5 9 129 10.7 27.4 28.6 5.4 0.0 1.8 12.6 400.0 
clima_RAIMAT 2015 5 10 130 13.3 29.7 27.6 5.3 0.0 1.7 14.1 400.0 
clima_RAIMAT 2015 5 11 131 14.0 30.0 27.8 5.6 0.0 1.9 11.1 400.0 
clima_RAIMAT 2015 5 12 132 11.5 30.5 28.9 5.6 0.0 1.9 11.2 400.0 
clima_RAIMAT 2015 5 13 133 12.9 31.8 20.5 4.2 0.0 1.1 15.1 400.0 
clima_RAIMAT 2015 5 14 134 13.6 29.2 18.2 4.4 0.0 3.1 14.8 400.0 
clima_RAIMAT 2015 5 15 135 10.3 20.1 30.1 4.9 0.0 6.6 8.5 400.0 
clima_RAIMAT 2015 5 16 136 8.6 25.7 29.4 5.5 0.0 3.5 10.4 400.0 
clima_RAIMAT 2015 5 17 137 6.2 28.0 29.9 4.9 0.0 1.6 12.3 400.0 
clima_RAIMAT 2015 5 18 138 10.0 28.2 29.6 5.1 0.0 1.5 13.9 400.0 
clima_RAIMAT 2015 5 19 139 8.7 17.9 11.2 1.9 2.0 1.9 11.3 400.0 
clima_RAIMAT 2015 5 20 140 6.4 20.4 27.8 4.5 0.0 3.1 9.1 400.0 
clima_RAIMAT 2015 5 21 141 6.0 22.0 31.1 5.1 0.0 2.3 8.1 400.0 
clima_RAIMAT 2015 5 22 142 4.9 22.7 30.7 4.9 0.0 2.2 8.4 400.0 
clima_RAIMAT 2015 5 23 143 6.7 24.3 30.3 5.1 0.0 2.5 9.5 400.0 
clima_RAIMAT 2015 5 24 144 9.7 25.1 27.7 4.7 0.0 1.4 10.7 400.0 
clima_RAIMAT 2015 5 25 145 9.0 26.7 29.8 5.4 0.0 2.1 10.8 400.0 
clima_RAIMAT 2015 5 26 146 8.3 25.8 30.7 5.5 0.0 2.7 10.5 400.0 
clima_RAIMAT 2015 5 27 147 8.3 27.0 30.8 5.2 0.0 2.0 11.1 400.0 
clima_RAIMAT 2015 5 28 148 11.0 27.8 30.3 5.3 0.0 1.7 13.7 400.0 
clima_RAIMAT 2015 5 29 149 13.7 27.5 27.8 5.5 0.0 2.2 12.4 400.0 
clima_RAIMAT 2015 5 30 150 12.2 26.3 25.1 4.6 0.0 1.8 13.4 400.0 
clima_RAIMAT 2015 5 31 151 11.9 29.5 30.4 5.6 0.0 1.9 14.2 400.0 
clima_RAIMAT 2015 6 1 152 13.4 28.6 29.2 5.6 0.0 2.2 13.9 400.0 
clima_RAIMAT 2015 6 2 153 12.2 29.6 29.6 5.7 0.0 1.9 14.3 400.0 
clima_RAIMAT 2015 6 3 154 15.8 31.0 26.4 5.8 0.0 2.0 13.5 400.0 
clima_RAIMAT 2015 6 4 155 14.6 31.1 29.9 6.3 0.0 1.8 10.6 400.0 
clima_RAIMAT 2015 6 5 156 15.0 30.8 30.6 6.3 0.0 2.0 10.0 400.0 
clima_RAIMAT 2015 6 6 157 14.2 31.2 30.5 5.8 0.0 1.4 11.9 400.0 
clima_RAIMAT 2015 6 7 158 14.3 31.6 29.7 6.0 0.0 1.5 13.2 400.0 
clima_RAIMAT 2015 6 8 159 15.2 31.3 24.9 5.2 0.0 1.6 17.4 400.0 
clima_RAIMAT 2015 6 9 160 14.1 30.1 27.8 5.3 0.5 1.7 18.3 400.0 
clima_RAIMAT 2015 6 10 161 16.8 26.6 15.1 3.2 1.5 2.1 19.2 400.0 
clima_RAIMAT 2015 6 11 162 12.8 26.8 15.4 3.5 5.6 2.6 15.7 400.0 
clima_RAIMAT 2015 6 12 163 11.6 27.7 28.6 4.9 0.2 1.2 16.5 400.0 
clima_RAIMAT 2015 6 13 164 15.4 24.3 13.0 2.6 2.5 1.9 17.1 400.0 
clima_RAIMAT 2015 6 14 165 12.8 25.9 27.5 4.9 0.1 1.6 15.3 400.0 
clima_RAIMAT 2015 6 15 166 13.0 25.7 22.9 4.0 16.5 1.5 16.8 400.0 
clima_RAIMAT 2015 6 16 167 14.3 25.1 26.6 4.6 0.1 2.4 16.7 400.0 
clima_RAIMAT 2015 6 17 168 12.6 27.3 31.1 4.8 0.0 2.3 13.7 400.0 
clima_RAIMAT 2015 6 18 169 11.8 28.6 31.3 5.5 0.0 2.2 14.2 400.0 
clima_RAIMAT 2015 6 19 170 12.9 30.5 30.9 5.5 0.0 1.9 16.1 400.0 
clima_RAIMAT 2015 6 20 171 12.6 30.6 31.3 5.5 0.0 1.6 15.5 400.0 
clima_RAIMAT 2015 6 21 172 14.7 32.6 31.2 5.8 0.0 1.7 18.1 400.0 
clima_RAIMAT 2015 6 22 173 17.5 30.3 27.2 5.3 0.0 2.0 17.2 400.0 
clima_RAIMAT 2015 6 23 174 16.2 30.4 22.0 4.6 13.8 1.8 19.4 400.0 
clima_RAIMAT 2015 6 24 175 14.8 28.2 30.8 5.3 0.1 1.4 18.5 400.0 
clima_RAIMAT 2015 6 25 176 16.9 31.0 30.4 5.8 0.0 1.5 18.4 400.0 
clima_RAIMAT 2015 6 26 177 15.9 33.9 30.8 6.1 0.0 1.6 17.6 400.0 
clima_RAIMAT 2015 6 27 178 18.3 34.3 29.8 6.0 0.0 1.6 19.8 400.0 
clima_RAIMAT 2015 6 28 179 21.5 36.0 30.7 6.6 0.0 2.0 21.3 400.0 
clima_RAIMAT 2015 6 29 180 17.7 33.1 30.0 6.4 0.0 2.1 17.8 400.0 
clima_RAIMAT 2015 6 30 181 21.2 34.6 28.5 6.6 0.0 2.8 16.2 400.0 
clima_RAIMAT 2015 7 1 182 22.4 34.1 28.9 6.8 0.0 3.0 15.3 400.0 
clima_RAIMAT 2015 7 2 183 21.1 30.4 13.9 4.0 0.0 3.1 14.9 400.0 
clima_RAIMAT 2015 7 3 184 22.0 33.2 28.2 6.7 0.0 3.5 14.8 400.0 
clima_RAIMAT 2015 7 4 185 22.2 35.6 29.3 7.3 0.0 3.1 14.3 400.0 
clima_RAIMAT 2015 7 5 186 22.7 37.9 27.5 6.4 0.0 2.4 15.5 400.0 
clima_RAIMAT 2015 7 6 187 20.3 37.0 29.0 6.4 0.0 2.1 18.1 400.0 
clima_RAIMAT 2015 7 7 188 20.7 39.3 27.9 5.9 0.0 1.6 18.2 400.0 
clima_RAIMAT 2015 7 8 189 18.0 33.6 30.1 6.5 0.0 3.0 15.9 400.0 
clima_RAIMAT 2015 7 9 190 14.4 30.4 31.0 5.5 0.0 1.6 14.9 400.0 
clima_RAIMAT 2015 7 10 191 16.8 33.2 29.7 6.1 0.0 1.6 19.9 400.0 
clima_RAIMAT 2015 7 11 192 19.1 31.8 26.1 5.1 0.0 1.4 22.4 400.0 
clima_RAIMAT 2015 7 12 193 18.9 33.4 29.0 5.7 0.0 1.6 21.4 400.0 
clima_RAIMAT 2015 7 13 194 17.9 33.8 30.6 5.8 0.0 1.6 18.7 400.0 
clima_RAIMAT 2015 7 14 195 18.8 35.5 28.6 5.7 0.0 1.6 21.6 400.0 
clima_RAIMAT 2015 7 15 196 18.8 34.3 27.4 6.0 0.0 2.1 20.5 400.0 
clima_RAIMAT 2015 7 16 197 20.6 34.9 26.1 6.2 0.0 2.4 17.5 400.0 
clima_RAIMAT 2015 7 17 198 19.8 34.8 24.1 5.5 0.0 1.9 22.5 400.0 
clima_RAIMAT 2015 7 18 199 17.6 34.3 21.1 4.7 5.7 1.9 23.5 400.0 
clima_RAIMAT 2015 7 19 200 17.4 32.4 28.0 5.4 0.0 1.2 21.7 400.0 
clima_RAIMAT 2015 7 20 201 21.5 36.1 28.9 5.8 0.0 1.9 25.3 400.0 
clima_RAIMAT 2015 7 21 202 19.3 34.3 25.7 5.6 1.9 2.3 23.3 400.0 
clima_RAIMAT 2015 7 22 203 19.2 32.5 28.7 5.7 0.4 2.3 21.3 400.0 
clima_RAIMAT 2015 7 23 204 17.5 33.9 28.4 5.3 0.0 1.3 22.4 400.0 
clima_RAIMAT 2015 7 24 205 22.6 34.8 26.8 5.6 0.0 1.7 25.2 400.0 
clima_RAIMAT 2015 7 25 206 15.3 27.9 27.7 5.5 0.0 2.8 13.4 400.0 
clima_RAIMAT 2015 7 26 207 12.1 32.8 27.3 5.2 0.0 1.2 16.6 400.0 
clima_RAIMAT 2015 7 27 208 19.8 31.6 28.8 6.2 0.0 2.7 17.8 400.0 
clima_RAIMAT 2015 7 28 209 17.1 31.8 28.4 5.3 0.0 1.5 18.4 400.0 
clima_RAIMAT 2015 7 29 210 22.4 33.4 25.5 5.2 0.0 1.9 24.8 400.0 
clima_RAIMAT 2015 7 30 211 19.9 25.9 11.9 2.6 0.0 1.5 18.7 400.0 
clima_RAIMAT 2015 7 31 212 16.7 26.5 9.9 2.3 21.7 2.5 20.9 400.0 
clima_RAIMAT 2015 8 1 213 15.9 26.0 23.1 4.0 0.2 1.5 19.3 400.0 
clima_RAIMAT 2015 8 2 214 16.6 31.3 27.9 5.3 0.0 1.4 21.7 400.0 
clima_RAIMAT 2015 8 3 215 19.6 34.6 23.4 5.1 2.7 1.9 25.5 400.0 
clima_RAIMAT 2015 8 4 216 19.3 32.1 26.1 5.2 0.0 1.5 22.1 400.0 
clima_RAIMAT 2015 8 5 217 19.8 33.9 24.5 5.2 0.0 1.6 22.6 400.0 
clima_RAIMAT 2015 8 6 218 17.8 34.2 26.2 5.5 0.0 1.6 22.5 400.0 
clima_RAIMAT 2015 8 7 219 20.5 37.6 25.0 5.2 0.0 1.4 23.7 400.0 
clima_RAIMAT 2015 8 8 220 18.8 25.3 5.5 1.2 5.6 1.8 22.0 400.0 
clima_RAIMAT 2015 8 9 221 14.1 26.6 27.7 4.8 0.0 2.6 15.5 400.0 
clima_RAIMAT 2015 8 10 222 13.5 29.7 27.5 5.0 0.0 1.3 17.0 400.0 
clima_RAIMAT 2015 8 11 223 19.5 32.7 26.0 5.5 0.0 2.4 19.9 400.0 
clima_RAIMAT 2015 8 12 224 22.0 33.4 23.4 5.0 0.0 2.5 26.0 400.0 
clima_RAIMAT 2015 8 13 225 18.9 29.9 24.0 5.4 0.0 2.9 18.0 400.0 
clima_RAIMAT 2015 8 14 226 15.7 26.3 24.5 5.0 0.0 3.4 13.2 400.0 
clima_RAIMAT 2015 8 15 227 14.1 26.0 22.3 4.2 0.0 2.0 14.1 400.0 
clima_RAIMAT 2015 8 16 228 11.2 28.7 26.7 4.7 0.0 1.3 14.4 400.0 
clima_RAIMAT 2015 8 17 229 15.8 28.5 20.9 4.2 0.2 1.6 17.3 400.0 
clima_RAIMAT 2015 8 18 230 16.2 24.1 15.0 2.7 5.4 1.5 19.3 400.0 
clima_RAIMAT 2015 8 19 231 13.6 28.2 26.5 4.8 0.0 1.4 17.0 400.0 
clima_RAIMAT 2015 8 20 232 16.8 31.4 25.9 4.9 0.0 1.5 20.1 400.0 
clima_RAIMAT 2015 8 21 233 19.8 33.1 23.7 5.0 0.0 2.1 23.5 400.0 
clima_RAIMAT 2015 8 22 234 20.6 30.2 16.9 3.8 0.0 2.6 22.4 400.0 
clima_RAIMAT 2015 8 23 235 17.1 28.6 20.4 4.2 0.5 2.0 18.1 400.0 
clima_RAIMAT 2015 8 24 236 12.5 25.1 23.7 4.9 0.0 2.5 11.5 400.0 
clima_RAIMAT 2015 8 25 237 10.2 29.4 25.4 4.7 0.0 1.0 13.8 400.0 
clima_RAIMAT 2015 8 26 238 18.5 31.7 24.5 5.1 0.0 2.2 21.0 400.0 
clima_RAIMAT 2015 8 27 239 19.8 32.9 23.6 5.0 0.0 2.2 22.3 400.0 
clima_RAIMAT 2015 8 28 240 19.6 34.8 24.2 5.2 0.0 1.9 20.2 400.0 
clima_RAIMAT 2015 8 29 241 18.2 33.1 24.1 5.3 0.0 2.0 17.4 400.0 
clima_RAIMAT 2015 8 30 242 17.4 32.4 23.0 5.1 0.0 1.9 18.9 400.0 
clima_RAIMAT 2015 8 31 243 17.5 33.1 18.2 4.1 4.5 1.7 22.6 400.0 
clima_RAIMAT 2015 9 1 244 16.2 28.3 22.5 4.2 0.2 1.5 19.9 400.0 
clima_RAIMAT 2015 9 2 245 16.2 25.6 16.4 3.0 0.3 1.2 19.3 400.0 
clima_RAIMAT 2015 9 3 246 17.5 23.3 11.3 2.1 0.8 1.5 18.9 400.0 
clima_RAIMAT 2015 9 4 247 12.9 18.2 5.1 1.0 2.2 0.9 15.0 400.0 
clima_RAIMAT 2015 9 5 248 10.2 22.3 22.8 3.6 0.0 1.4 13.5 400.0 
clima_RAIMAT 2015 9 6 249 10.8 24.2 21.6 3.7 0.0 1.3 13.8 400.0 
clima_RAIMAT 2015 9 7 250 9.5 23.1 19.1 3.2 0.0 1.1 13.1 400.0 
clima_RAIMAT 2015 9 8 251 10.1 23.5 18.4 3.0 0.0 1.1 14.1 400.0 
clima_RAIMAT 2015 9 9 252 10.1 27.1 21.1 3.7 0.0 1.1 14.8 400.0 
clima_RAIMAT 2015 9 10 253 16.7 24.6 15.5 2.8 3.2 2.4 18.0 400.0 
clima_RAIMAT 2015 9 11 254 17.2 26.5 15.8 3.0 0.0 2.9 19.4 400.0 
clima_RAIMAT 2015 9 12 255 18.3 28.0 14.5 3.1 0.0 3.4 19.8 400.0 
clima_RAIMAT 2015 9 13 256 15.6 26.0 15.3 3.0 0.0 1.7 16.2 400.0 
clima_RAIMAT 2015 9 14 257 13.4 22.1 11.7 2.4 0.0 2.2 13.6 400.0 
clima_RAIMAT 2015 9 15 258 15.5 25.9 14.3 2.7 0.0 1.6 15.1 400.0 
clima_RAIMAT 2015 9 16 259 17.5 30.4 18.5 4.1 0.0 2.2 16.7 400.0 
clima_RAIMAT 2015 9 17 260 13.9 21.8 22.0 3.8 0.1 3.2 12.3 400.0 
clima_RAIMAT 2015 9 18 261 8.0 23.4 21.7 3.5 0.0 1.1 11.6 400.0 
clima_RAIMAT 2015 9 19 262 7.4 25.0 21.3 3.8 0.0 1.6 11.6 400.0 
clima_RAIMAT 2015 9 20 263 6.6 24.7 21.6 3.6 0.0 1.3 11.5 400.0 
clima_RAIMAT 2015 9 21 264 6.1 28.4 21.4 4.1 0.0 1.4 11.2 400.0 
clima_RAIMAT 2015 9 22 265 8.1 25.4 20.5 3.9 0.0 2.8 10.9 400.0 
clima_RAIMAT 2015 9 23 266 10.5 23.5 18.8 3.7 0.0 3.8 10.3 400.0 
clima_RAIMAT 2015 9 24 267 6.0 21.9 19.0 3.0 0.0 1.3 10.2 400.0 
clima_RAIMAT 2015 9 25 268 7.7 27.6 19.7 3.4 0.0 1.3 12.1 400.0 
clima_RAIMAT 2015 9 26 269 14.1 25.4 18.5 3.3 2.3 1.9 15.9 400.0 
clima_RAIMAT 2015 9 27 270 14.5 24.3 18.7 3.2 3.8 2.4 15.1 400.0 
clima_RAIMAT 2015 9 28 271 10.8 24.9 18.8 3.2 0.0 1.0 14.1 400.0 
clima_RAIMAT 2015 9 29 272 10.7 23.3 16.5 2.9 0.0 2.1 14.3 400.0 
clima_RAIMAT 2015 9 30 273 11.9 21.9 9.9 2.0 0.0 1.9 13.7 400.0 
clima_RAIMAT 2015 10 1 274 10.1 24.2 18.5 3.1 3.1 1.8 14.1 400.0 
clima_RAIMAT 2015 10 2 275 13.6 23.5 16.2 2.8 0.0 2.4 14.7 400.0 
clima_RAIMAT 2015 10 3 276 10.1 20.4 9.9 1.8 0.0 1.9 13.2 400.0 
clima_RAIMAT 2015 10 4 277 8.6 21.1 7.9 1.5 0.0 0.8 13.7 400.0 
clima_RAIMAT 2015 10 5 278 13.3 25.5 7.5 1.5 0.0 0.9 17.6 400.0 
clima_RAIMAT 2015 10 6 279 14.7 25.3 16.9 3.4 0.5 2.5 16.1 400.0 
clima_RAIMAT 2015 10 7 280 8.3 21.7 18.5 3.1 0.0 2.4 11.1 400.0 
clima_RAIMAT 2015 10 8 281 6.0 22.4 16.7 2.5 0.0 1.1 12.1 400.0 
clima_RAIMAT 2015 10 9 282 6.8 24.2 17.4 2.6 0.0 1.1 12.8 400.0 
clima_RAIMAT 2015 10 10 283 7.1 23.1 15.2 2.4 0.0 1.0 13.0 400.0 
clima_RAIMAT 2015 10 11 284 7.8 23.2 12.4 2.2 0.0 1.0 13.0 400.0 
clima_RAIMAT 2015 10 12 285 12.5 25.5 15.9 2.8 4.7 1.3 16.2 400.0 
clima_RAIMAT 2015 10 13 286 11.9 18.2 8.3 1.3 0.1 1.6 14.2 400.0 
clima_RAIMAT 2015 10 14 287 6.6 18.5 14.7 2.2 0.0 2.2 9.4 400.0 
clima_RAIMAT 2015 10 15 288 0.5 15.5 16.6 2.1 0.0 1.2 7.3 400.0 
clima_RAIMAT 2015 10 16 289 1.1 16.7 15.4 2.0 0.0 0.9 8.2 400.0 
clima_RAIMAT 2015 10 17 290 6.1 19.8 10.4 1.8 0.1 1.5 11.0 400.0 
clima_RAIMAT 2015 10 18 291 12.3 23.5 11.0 1.8 0.6 1.1 16.8 400.0 
clima_RAIMAT 2015 10 19 292 13.9 20.2 4.2 0.9 0.0 1.7 16.1 400.0 
clima_RAIMAT 2015 10 20 293 9.8 18.8 3.4 0.7 0.0 1.3 13.2 400.0 
clima_RAIMAT 2015 10 21 294 4.1 19.4 15.1 2.2 0.0 1.7 9.2 400.0 
clima_RAIMAT 2015 10 22 295 0.4 21.0 14.4 2.0 0.0 1.2 9.4 400.0 
clima_RAIMAT 2015 10 23 296 4.0 19.7 13.5 2.0 0.0 1.2 10.8 400.0 
clima_RAIMAT 2015 10 24 297 8.6 20.6 7.5 1.4 0.0 1.1 12.5 400.0 
clima_RAIMAT 2015 10 25 298 10.7 20.1 10.1 1.7 0.0 1.1 13.5 400.0 
clima_RAIMAT 2015 10 26 299 13.2 21.5 10.9 1.9 0.0 2.2 14.3 400.0 
clima_RAIMAT 2015 10 27 300 13.7 22.0 8.2 1.4 0.2 2.4 15.9 400.0 
clima_RAIMAT 2015 10 28 301 5.6 18.3 12.5 1.9 0.0 1.9 9.9 400.0 
clima_RAIMAT 2015 10 29 302 5.6 20.6 12.7 1.9 0.0 1.0 11.0 400.0 
clima_RAIMAT 2015 10 30 303 8.0 22.6 13.1 2.2 0.0 1.9 12.0 400.0 
clima_RAIMAT 2015 10 31 304 7.0 22.0 13.1 2.1 0.0 2.1 11.9 400.0 
clima_RAIMAT 2015 11 1 305 5.9 21.4 9.7 1.8 0.0 2.6 10.1 400.0 
clima_RAIMAT 2015 11 2 306 12.2 16.7 2.0 0.8 62.9 4.9 12.7 400.0 
clima_RAIMAT 2015 11 3 307 8.8 18.6 8.6 1.4 0.1 1.9 12.2 400.0 
clima_RAIMAT 2015 11 4 308 7.0 19.5 12.3 1.8 0.4 0.9 12.6 400.0 
clima_RAIMAT 2015 11 5 309 8.5 20.3 12.2 1.8 0.1 0.9 13.6 400.0 
clima_RAIMAT 2015 11 6 310 8.4 21.2 11.8 1.7 0.0 0.8 14.0 400.0 
clima_RAIMAT 2015 11 7 311 8.9 22.4 11.3 1.7 0.0 0.9 14.7 400.0 
clima_RAIMAT 2015 11 8 312 9.2 22.0 10.7 1.6 0.1 1.0 15.2 400.0 
clima_RAIMAT 2015 11 9 313 8.4 13.6 1.9 0.3 0.2 0.7 12.5 400.0 
clima_RAIMAT 2015 11 10 314 11.9 13.4 1.9 0.4 0.0 0.7 13.5 400.0 
clima_RAIMAT 2015 11 11 315 10.9 12.3 1.8 0.4 0.0 0.6 12.4 400.0 
clima_RAIMAT 2015 11 12 316 10.5 11.8 2.2 0.4 0.0 0.6 12.1 400.0 
clima_RAIMAT 2015 11 13 317 9.5 11.0 1.1 0.5 0.0 0.8 11.1 400.0 
clima_RAIMAT 2015 11 14 318 3.5 12.7 3.2 0.5 0.0 0.9 9.3 400.0 
clima_RAIMAT 2015 11 15 319 4.1 9.7 2.2 0.3 0.1 0.6 9.3 400.0 
clima_RAIMAT 2015 11 16 320 6.8 9.2 1.8 0.3 0.1 0.9 10.2 400.0 
clima_RAIMAT 2015 11 17 321 6.5 9.1 2.6 0.4 0.0 1.1 9.6 400.0 
clima_RAIMAT 2015 11 18 322 6.0 8.1 2.4 0.3 0.0 0.6 9.5 400.0 
clima_RAIMAT 2015 11 19 323 5.6 7.9 2.4 0.3 0.1 0.6 9.5 400.0 
clima_RAIMAT 2015 11 20 324 5.7 15.8 5.1 0.6 0.2 1.5 10.8 400.0 
clima_RAIMAT 2015 11 21 325 4.5 14.1 10.1 1.5 0.0 6.2 7.4 400.0 
clima_RAIMAT 2015 11 22 326 -0.4 11.0 10.4 1.1 0.0 3.4 6.6 400.0 
clima_RAIMAT 2015 11 23 327 -4.3 10.3 11.0 1.1 0.0 1.6 5.3 400.0 
clima_RAIMAT 2015 11 24 328 -5.5 7.9 8.4 0.8 0.1 1.0 5.2 400.0 
clima_RAIMAT 2015 11 25 329 3.3 17.3 9.6 1.4 0.1 3.8 8.9 400.0 
clima_RAIMAT 2015 11 26 330 8.0 16.5 9.4 1.8 0.0 6.4 7.8 400.0 
clima_RAIMAT 2015 11 27 331 1.6 14.6 10.1 1.2 0.0 1.4 7.7 400.0 
clima_RAIMAT 2015 11 28 332 0.0 15.7 9.8 1.2 0.0 1.9 7.9 400.0 
clima_RAIMAT 2015 11 29 333 -1.8 12.0 9.7 1.0 0.0 1.0 7.0 400.0 
clima_RAIMAT 2015 11 30 334 -2.0 12.8 9.9 1.0 0.0 0.8 7.3 400.0 
clima_RAIMAT 2015 12 1 335 -3.1 10.7 8.0 0.7 0.1 0.7 7.2 400.0 
clima_RAIMAT 2015 12 2 336 -3.5 5.5 4.6 0.4 0.2 0.7 6.3 400.0 
clima_RAIMAT 2015 12 3 337 -4.0 10.1 7.7 0.7 0.2 0.6 6.8 400.0 
clima_RAIMAT 2015 12 4 338 -1.7 10.9 8.3 0.8 0.1 0.7 7.3 400.0 
clima_RAIMAT 2015 12 5 339 1.4 16.0 7.3 0.9 0.0 1.0 9.2 400.0 
clima_RAIMAT 2015 12 6 340 7.6 14.6 3.5 0.6 0.0 1.5 10.3 400.0 
clima_RAIMAT 2015 12 7 341 7.9 15.7 6.9 1.0 0.0 1.6 10.8 400.0 
clima_RAIMAT 2015 12 8 342 8.4 15.5 8.0 1.0 0.0 0.9 11.5 400.0 
clima_RAIMAT 2015 12 9 343 3.2 10.5 2.6 0.3 0.1 0.9 9.5 400.0 
clima_RAIMAT 2015 12 10 344 6.1 7.8 2.2 0.3 0.1 0.8 9.7 400.0 
clima_RAIMAT 2015 12 11 345 5.1 7.0 1.4 0.2 0.3 0.9 9.1 400.0 
clima_RAIMAT 2015 12 12 346 3.9 5.2 1.4 0.2 0.2 0.6 8.3 400.0 
clima_RAIMAT 2015 12 13 347 2.0 4.1 1.2 0.5 0.1 0.7 7.4 400.0 
clima_RAIMAT 2015 12 14 348 0.5 5.3 2.6 0.5 0.0 0.7 7.3 400.0 
clima_RAIMAT 2015 12 15 349 -0.4 9.2 6.3 0.6 0.0 0.6 7.9 400.0 
clima_RAIMAT 2015 12 16 350 1.3 12.6 6.7 0.6 0.1 0.7 9.3 400.0 
clima_RAIMAT 2015 12 17 351 1.4 11.3 6.0 0.6 0.0 0.6 8.9 400.0 
clima_RAIMAT 2015 12 18 352 -0.1 11.5 6.2 0.6 0.1 0.7 8.4 400.0 
clima_RAIMAT 2015 12 19 353 1.9 15.4 8.1 0.9 0.1 0.8 10.0 400.0 
clima_RAIMAT 2015 12 20 354 2.9 13.8 7.2 0.8 0.1 1.9 9.4 400.0 
clima_RAIMAT 2015 12 21 355 1.5 12.3 2.7 0.4 0.0 0.9 8.8 400.0 
clima_RAIMAT 2015 12 22 356 0.8 6.2 2.9 0.3 0.3 0.4 7.7 400.0 
clima_RAIMAT 2015 12 23 357 4.1 7.2 1.7 0.2 0.2 0.7 8.9 400.0 
clima_RAIMAT 2015 12 24 358 4.9 13.1 7.1 0.8 0.1 0.9 10.6 400.0 
clima_RAIMAT 2015 12 25 359 3.7 5.5 2.1 0.2 0.2 0.6 8.3 400.0 
clima_RAIMAT 2015 12 26 360 2.3 4.3 2.7 0.3 0.2 0.6 7.6 400.0 
clima_RAIMAT 2015 12 27 361 1.3 9.1 5.5 0.5 0.2 0.9 8.5 400.0 
clima_RAIMAT 2015 12 28 362 6.5 14.2 4.9 0.8 0.0 3.2 9.7 400.0 
clima_RAIMAT 2015 12 29 363 2.9 12.7 5.6 0.6 1.3 1.6 9.5 400.0 
clima_RAIMAT 2015 12 30 364 1.9 7.5 3.5 0.3 0.3 0.8 8.4 400.0 
clima_RAIMAT 2015 12 31 365 3.4 7.5 3.2 0.3 0.1 0.8 8.7 400.0 
