clima_RAIMAT 2020 1 1 1 1.9 3.5 1.3 0.2 0.0 0.9 7.1 400.0 
clima_RAIMAT 2020 1 2 2 1.1 2.6 1.6 0.2 0.1 0.7 6.8 400.0 
clima_RAIMAT 2020 1 3 3 0.6 2.5 1.4 0.2 0.0 1.1 6.7 400.0 
clima_RAIMAT 2020 1 4 4 1.4 3.2 1.7 0.2 0.0 0.6 7.1 400.0 
clima_RAIMAT 2020 1 5 5 1.7 4.9 2.5 0.3 0.1 1.1 7.5 400.0 
clima_RAIMAT 2020 1 6 6 0.6 3.7 2.5 0.2 0.1 0.6 7.1 400.0 
clima_RAIMAT 2020 1 7 7 1.8 3.3 1.4 0.2 0.2 0.7 7.3 400.0 
clima_RAIMAT 2020 1 8 8 1.3 4.5 3.8 0.3 0.1 0.8 7.4 400.0 
clima_RAIMAT 2020 1 9 9 1.3 4.3 2.8 0.3 0.2 0.6 7.5 400.0 
clima_RAIMAT 2020 1 10 10 -0.3 8.4 4.4 0.4 0.0 1.2 8.0 400.0 
clima_RAIMAT 2020 1 11 11 0.1 7.7 7.6 0.6 0.2 0.9 7.7 400.0 
clima_RAIMAT 2020 1 12 12 -3.6 2.6 3.3 0.3 0.0 0.6 5.9 400.0 
clima_RAIMAT 2020 1 13 13 -1.1 1.3 2.5 0.3 0.1 0.6 6.2 400.0 
clima_RAIMAT 2020 1 14 14 -2.1 2.7 3.5 0.3 0.0 0.6 6.2 400.0 
clima_RAIMAT 2020 1 15 15 -1.4 4.5 3.9 0.3 0.0 0.6 6.8 400.0 
clima_RAIMAT 2020 1 16 16 -3.1 10.7 8.6 0.8 0.1 0.6 7.5 400.0 
clima_RAIMAT 2020 1 17 17 0.5 14.3 9.0 1.1 0.1 2.1 8.3 400.0 
clima_RAIMAT 2020 1 18 18 -0.5 11.1 8.6 1.0 0.9 1.6 6.9 400.0 
clima_RAIMAT 2020 1 19 19 -0.3 9.3 3.3 0.4 8.8 1.4 8.0 400.0 
clima_RAIMAT 2020 1 20 20 -0.4 5.6 1.8 0.3 2.4 1.9 6.1 400.0 
clima_RAIMAT 2020 1 21 21 2.4 10.6 2.5 0.8 32.4 7.3 7.7 400.0 
clima_RAIMAT 2020 1 22 22 2.9 10.1 3.2 0.4 35.8 1.9 9.0 400.0 
clima_RAIMAT 2020 1 23 23 4.0 9.0 3.8 0.4 16.5 1.6 9.1 400.0 
clima_RAIMAT 2020 1 24 24 1.2 12.1 9.3 1.0 0.0 0.9 9.1 400.0 
clima_RAIMAT 2020 1 25 25 4.8 12.5 5.9 0.8 0.6 2.0 9.3 400.0 
clima_RAIMAT 2020 1 26 26 2.8 13.3 6.2 0.8 1.5 1.4 9.6 400.0 
clima_RAIMAT 2020 1 27 27 -0.5 9.7 7.4 0.8 0.0 0.8 7.8 400.0 
clima_RAIMAT 2020 1 28 28 1.7 13.7 6.8 0.9 0.0 1.2 9.2 400.0 
clima_RAIMAT 2020 1 29 29 3.2 17.0 10.0 1.3 0.0 1.4 10.5 400.0 
clima_RAIMAT 2020 1 30 30 5.9 16.6 7.3 1.0 0.0 1.1 11.3 400.0 
clima_RAIMAT 2020 1 31 31 5.9 16.2 9.4 1.2 0.0 1.1 11.3 400.0 
clima_RAIMAT 2020 1 1 32 4.8 19.6 10.1 1.4 0.0 1.3 12.2 400.0 
clima_RAIMAT 2020 1 2 33 5.2 19.6 11.0 1.5 0.0 0.9 12.7 400.0 
clima_RAIMAT 2020 1 3 34 5.1 16.9 11.0 1.4 0.1 0.9 12.1 400.0 
clima_RAIMAT 2020 1 4 35 4.8 18.4 11.9 1.9 0.1 4.1 9.8 400.0 
clima_RAIMAT 2020 1 5 36 -0.4 11.4 12.6 1.3 0.0 1.2 7.3 400.0 
clima_RAIMAT 2020 1 6 37 -1.6 14.6 12.8 1.5 0.0 1.8 7.6 400.0 
clima_RAIMAT 2020 1 7 38 2.7 13.1 9.7 1.2 0.0 1.8 8.5 400.0 
clima_RAIMAT 2020 1 8 39 0.7 12.2 9.2 1.1 0.0 0.8 8.6 400.0 
clima_RAIMAT 2020 1 9 40 1.8 14.0 10.9 1.3 0.0 0.8 9.5 400.0 
clima_RAIMAT 2020 1 10 41 3.9 19.4 12.9 1.8 0.0 1.9 11.0 400.0 
clima_RAIMAT 2020 1 11 42 4.6 19.0 12.1 1.9 0.0 2.9 10.4 400.0 
clima_RAIMAT 2020 1 12 43 5.9 14.3 7.6 1.1 0.1 1.4 10.4 400.0 
clima_RAIMAT 2020 2 13 44 9.3 17.0 9.3 1.2 1.5 1.6 12.8 400.0 
clima_RAIMAT 2020 2 14 45 2.8 17.2 13.4 1.7 0.0 1.1 10.2 400.0 
clima_RAIMAT 2020 2 15 46 2.1 16.7 12.0 1.5 0.0 0.9 10.6 400.0 
clima_RAIMAT 2020 2 16 47 5.2 12.5 4.8 0.6 0.4 0.9 11.1 400.0 
clima_RAIMAT 2020 2 17 48 7.0 16.1 8.6 1.1 0.2 1.8 11.7 400.0 
clima_RAIMAT 2020 2 18 49 2.1 13.6 14.7 1.6 0.0 2.1 7.4 400.0 
clima_RAIMAT 2020 2 19 50 -1.6 12.8 14.7 1.6 0.0 1.2 7.4 400.0 
clima_RAIMAT 2020 2 20 51 -1.2 15.2 14.9 1.8 0.0 0.9 8.1 400.0 
clima_RAIMAT 2020 2 21 52 -0.7 14.8 14.4 1.7 0.0 1.0 8.3 400.0 
clima_RAIMAT 2020 2 22 53 -0.6 16.3 14.4 1.8 0.0 0.9 9.1 400.0 
clima_RAIMAT 2020 2 23 54 0.0 17.6 14.9 1.8 0.0 1.1 9.4 400.0 
clima_RAIMAT 2020 2 24 55 0.6 18.2 15.0 1.9 0.0 1.0 9.8 400.0 
clima_RAIMAT 2020 2 25 56 0.5 18.5 11.7 1.7 0.0 2.6 9.3 400.0 
clima_RAIMAT 2020 2 26 57 6.1 14.6 15.4 2.3 0.0 5.3 7.5 400.0 
clima_RAIMAT 2020 2 27 58 0.4 16.9 14.9 2.3 0.0 3.9 7.5 400.0 
clima_RAIMAT 2020 2 28 59 7.6 18.3 14.1 2.0 0.0 2.2 11.0 400.0 
clima_RAIMAT 2020 2 29 60 7.6 16.5 9.9 1.5 0.0 1.5 10.4 400.0 
clima_RAIMAT 2020 3 1 61 8.5 18.9 13.4 2.4 0.2 2.7 8.9 400.0 
clima_RAIMAT 2020 3 2 62 5.3 15.1 16.6 2.2 4.9 5.8 8.2 400.0 
clima_RAIMAT 2020 3 3 63 3.9 14.3 9.9 1.2 1.8 3.5 8.3 400.0 
clima_RAIMAT 2020 3 4 64 7.9 19.8 15.1 2.4 0.0 3.7 10.9 400.0 
clima_RAIMAT 2020 3 5 65 6.3 17.4 9.4 1.6 0.0 2.9 10.3 400.0 
clima_RAIMAT 2020 3 6 66 3.7 11.9 18.2 2.2 0.1 5.1 7.2 400.0 
clima_RAIMAT 2020 3 7 67 2.0 17.3 16.7 2.5 0.0 3.1 7.9 400.0 
clima_RAIMAT 2020 3 8 68 -0.7 18.1 16.4 2.3 0.0 1.9 8.0 400.0 
clima_RAIMAT 2020 3 9 69 5.2 15.6 18.3 2.6 0.0 4.9 7.6 400.0 
clima_RAIMAT 2020 3 10 70 2.8 17.4 14.2 2.0 0.0 1.4 8.9 400.0 
clima_RAIMAT 2020 3 11 71 2.3 22.0 18.6 2.7 0.0 1.1 10.3 400.0 
clima_RAIMAT 2020 3 12 72 5.3 25.2 16.3 2.7 0.0 1.1 12.3 400.0 
clima_RAIMAT 2020 3 13 73 8.6 16.8 12.6 1.9 0.0 1.2 12.3 400.0 
clima_RAIMAT 2020 3 14 74 4.1 16.9 19.2 2.5 0.0 1.5 9.6 400.0 
clima_RAIMAT 2020 3 15 75 4.2 18.8 16.8 2.6 3.6 3.1 10.3 400.0 
clima_RAIMAT 2020 3 16 76 9.7 13.2 5.6 0.8 12.2 6.8 11.6 400.0 
clima_RAIMAT 2020 3 17 77 9.8 16.3 6.4 1.2 1.2 4.1 11.7 400.0 
clima_RAIMAT 2020 3 18 78 6.5 15.3 10.1 1.5 0.0 0.7 11.7 400.0 
clima_RAIMAT 2020 3 19 79 5.6 17.5 16.7 2.4 0.0 1.5 11.2 400.0 
clima_RAIMAT 2020 3 20 80 2.5 17.7 18.6 2.6 0.0 1.5 9.4 400.0 
clima_RAIMAT 2020 3 21 81 2.3 17.5 20.8 2.9 0.0 1.4 8.8 400.0 
clima_RAIMAT 2020 3 22 82 4.2 18.0 19.1 2.7 0.0 1.9 10.3 400.0 
clima_RAIMAT 2020 3 23 83 6.9 16.9 14.9 2.0 2.8 3.3 11.1 400.0 
clima_RAIMAT 2020 3 24 84 7.6 15.5 15.3 2.2 2.2 2.8 10.5 400.0 
clima_RAIMAT 2020 3 25 85 5.0 10.0 7.7 1.0 3.3 2.1 8.4 400.0 
clima_RAIMAT 2020 3 26 86 0.9 12.7 20.2 2.4 0.0 2.1 7.9 400.0 
clima_RAIMAT 2020 3 27 87 0.1 13.4 18.8 2.3 0.0 1.3 7.6 400.0 
clima_RAIMAT 2020 3 28 88 5.5 16.8 18.2 2.6 0.0 1.1 9.4 400.0 
clima_RAIMAT 2020 3 29 89 2.9 18.6 22.7 3.1 0.0 2.2 8.8 400.0 
clima_RAIMAT 2020 3 30 90 4.1 8.9 9.6 1.5 0.0 2.6 6.4 400.0 
clima_RAIMAT 2020 3 31 91 3.0 9.9 3.6 0.5 11.6 1.3 9.3 400.0 
clima_RAIMAT 2020 4 1 92 8.1 12.8 7.2 1.0 12.9 4.4 10.5 400.0 
clima_RAIMAT 2020 4 2 93 7.6 15.3 14.5 2.0 0.4 1.4 11.6 400.0 
clima_RAIMAT 2020 4 3 94 6.1 15.9 18.6 2.5 0.0 1.8 10.1 400.0 
clima_RAIMAT 2020 4 4 95 3.5 18.7 24.1 3.4 0.0 2.4 9.2 400.0 
clima_RAIMAT 2020 4 5 96 6.0 18.0 21.4 3.1 0.0 2.8 9.4 400.0 
clima_RAIMAT 2020 4 6 97 8.9 19.5 17.2 2.9 0.0 2.7 10.8 400.0 
clima_RAIMAT 2020 4 7 98 7.8 16.2 10.5 1.7 0.8 2.8 11.3 400.0 
clima_RAIMAT 2020 4 8 99 6.2 18.9 20.3 3.2 0.0 1.6 9.7 400.0 
clima_RAIMAT 2020 4 9 100 5.8 21.7 24.6 4.1 0.0 2.0 9.3 400.0 
clima_RAIMAT 2020 4 10 101 9.5 21.3 22.4 3.8 0.0 2.3 10.5 400.0 
clima_RAIMAT 2020 4 11 102 10.4 20.6 23.4 3.9 0.3 1.9 10.7 400.0 
clima_RAIMAT 2020 4 12 103 8.9 19.3 14.6 3.0 0.0 2.5 8.0 400.0 
clima_RAIMAT 2020 4 13 104 7.3 16.9 10.4 1.6 3.1 2.2 10.7 400.0 
clima_RAIMAT 2020 4 14 105 10.7 21.0 24.6 4.0 0.0 1.5 13.0 400.0 
clima_RAIMAT 2020 4 15 106 9.2 20.0 13.7 2.5 0.8 2.6 12.3 400.0 
clima_RAIMAT 2020 4 16 107 11.1 22.0 20.8 3.5 0.0 3.0 13.2 400.0 
clima_RAIMAT 2020 4 17 108 12.1 21.7 14.5 2.6 0.0 2.3 14.8 400.0 
clima_RAIMAT 2020 4 18 109 10.5 23.5 19.6 3.5 0.0 1.6 14.9 400.0 
clima_RAIMAT 2020 4 19 110 12.5 21.5 16.6 2.9 0.7 1.8 15.5 400.0 
clima_RAIMAT 2020 4 20 111 12.2 19.5 12.1 1.9 7.5 1.4 16.2 400.0 
clima_RAIMAT 2020 4 21 112 11.4 14.2 5.5 0.9 27.0 1.7 14.2 400.0 
clima_RAIMAT 2020 4 22 113 9.5 19.9 23.8 3.6 5.5 1.9 13.9 400.0 
clima_RAIMAT 2020 4 23 114 10.8 20.7 22.3 3.4 0.4 1.2 14.8 400.0 
clima_RAIMAT 2020 4 24 115 10.9 22.8 26.1 4.4 0.0 1.9 14.2 400.0 
clima_RAIMAT 2020 4 25 116 9.2 22.7 27.4 4.6 0.0 1.4 12.1 400.0 
clima_RAIMAT 2020 4 26 117 11.5 22.9 20.7 3.6 0.0 1.2 14.1 400.0 
clima_RAIMAT 2020 4 27 118 9.0 18.3 10.8 1.9 12.7 1.2 13.4 400.0 
clima_RAIMAT 2020 4 28 119 6.8 19.7 24.2 3.6 0.1 2.1 11.4 400.0 
clima_RAIMAT 2020 4 29 120 5.9 21.3 27.2 4.2 0.0 1.4 11.0 400.0 
clima_RAIMAT 2020 4 30 121 10.1 21.3 26.9 4.5 0.0 2.6 12.1 400.0 
clima_RAIMAT 2020 5 1 122 8.6 25.0 24.1 4.3 0.0 2.2 14.1 400.0 
clima_RAIMAT 2020 5 2 123 13.9 25.9 27.2 5.0 0.0 3.1 15.8 400.0 
clima_RAIMAT 2020 5 3 124 11.3 27.4 27.9 4.9 0.0 1.2 15.7 400.0 
clima_RAIMAT 2020 5 4 125 13.2 29.6 24.6 5.1 0.0 2.9 15.0 400.0 
clima_RAIMAT 2020 5 5 126 13.5 26.1 20.0 3.7 0.0 1.4 15.2 400.0 
clima_RAIMAT 2020 5 6 127 11.0 27.9 28.1 5.0 0.0 1.3 15.1 400.0 
clima_RAIMAT 2020 5 7 128 16.3 26.8 24.2 4.8 0.0 2.5 14.4 400.0 
clima_RAIMAT 2020 5 8 129 12.7 27.2 26.5 5.2 0.0 2.6 13.0 400.0 
clima_RAIMAT 2020 5 9 130 11.6 25.0 20.0 3.7 0.2 2.9 14.5 400.0 
clima_RAIMAT 2020 5 10 131 12.5 17.2 4.5 0.8 23.6 2.8 15.7 400.0 
clima_RAIMAT 2020 5 11 132 12.0 22.3 28.3 4.4 0.0 3.8 13.9 400.0 
clima_RAIMAT 2020 5 12 133 9.0 19.9 13.4 2.2 1.9 1.4 13.5 400.0 
clima_RAIMAT 2020 5 13 134 11.7 20.3 23.5 3.7 12.7 1.6 14.5 400.0 
clima_RAIMAT 2020 5 14 135 10.8 18.4 9.2 1.5 11.8 1.6 14.8 400.0 
clima_RAIMAT 2020 5 15 136 11.6 19.3 15.6 2.4 1.2 1.3 15.1 400.0 
clima_RAIMAT 2020 5 16 137 11.0 20.2 15.6 2.3 17.6 1.9 15.6 400.0 
clima_RAIMAT 2020 5 17 138 9.7 23.4 30.2 4.7 0.0 2.0 13.7 400.0 
clima_RAIMAT 2020 5 18 139 8.7 25.4 30.5 4.9 0.0 1.4 14.4 400.0 
clima_RAIMAT 2020 5 19 140 10.4 27.4 30.5 5.2 0.0 1.9 15.5 400.0 
clima_RAIMAT 2020 5 20 141 11.3 29.9 30.4 5.4 0.0 1.2 17.0 400.0 
clima_RAIMAT 2020 5 21 142 13.8 30.3 28.9 5.3 0.0 1.3 18.0 400.0 
clima_RAIMAT 2020 5 22 143 13.7 31.7 29.8 5.8 0.0 1.1 17.4 400.0 
clima_RAIMAT 2020 5 23 144 16.7 28.8 27.6 5.1 0.0 2.0 16.0 400.0 
clima_RAIMAT 2020 5 24 145 14.5 25.4 22.1 3.9 0.0 1.2 16.5 400.0 
clima_RAIMAT 2020 5 25 146 15.9 24.0 26.2 4.3 5.3 1.4 19.1 400.0 
clima_RAIMAT 2020 5 26 147 16.5 27.5 29.8 5.4 0.0 1.3 18.2 400.0 
clima_RAIMAT 2020 5 27 148 17.6 27.5 26.2 5.1 0.0 1.4 16.1 400.0 
clima_RAIMAT 2020 5 28 149 15.5 27.5 30.1 5.6 0.0 1.4 15.6 400.0 
clima_RAIMAT 2020 5 29 150 12.7 30.3 29.6 5.7 0.1 2.4 15.6 400.0 
clima_RAIMAT 2020 5 30 151 15.7 27.0 30.3 5.5 0.0 2.9 16.5 400.0 
clima_RAIMAT 2020 5 31 152 15.4 27.5 27.7 5.2 6.6 2.6 18.7 400.0 
clima_RAIMAT 2020 6 1 153 15.0 26.2 23.8 4.3 0.0 2.0 19.2 400.0 
clima_RAIMAT 2020 6 2 154 14.6 28.4 26.0 4.9 0.0 2.0 17.9 400.0 
clima_RAIMAT 2020 6 3 155 15.6 27.5 21.4 4.1 12.1 1.5 20.3 400.0 
clima_RAIMAT 2020 6 4 156 13.1 21.5 23.6 3.9 3.5 3.9 14.6 400.0 
clima_RAIMAT 2020 6 5 157 12.2 24.1 31.6 5.2 0.0 3.8 12.7 400.0 
clima_RAIMAT 2020 6 6 158 11.2 28.5 28.9 5.4 7.9 1.5 16.0 400.0 
clima_RAIMAT 2020 6 7 159 10.2 24.0 23.9 4.0 0.5 2.4 15.2 400.0 
clima_RAIMAT 2020 6 8 160 7.4 23.2 29.6 4.7 0.0 1.9 11.5 400.0 
clima_RAIMAT 2020 6 9 161 9.0 23.7 31.2 5.2 0.0 2.2 11.7 400.0 
clima_RAIMAT 2020 6 10 162 8.9 23.4 26.0 4.4 0.0 1.5 12.1 400.0 
clima_RAIMAT 2020 6 11 163 14.3 24.4 18.3 3.4 0.5 2.4 16.4 400.0 
clima_RAIMAT 2020 6 12 164 13.3 23.0 29.0 4.6 1.1 2.1 14.4 400.0 
clima_RAIMAT 2020 6 13 165 11.2 23.6 30.5 5.1 0.0 2.4 13.1 400.0 
clima_RAIMAT 2020 6 14 166 10.7 26.6 30.4 5.6 0.0 1.3 13.1 400.0 
clima_RAIMAT 2020 6 15 167 14.6 26.4 27.5 5.2 1.1 1.9 14.5 400.0 
clima_RAIMAT 2020 6 16 168 13.6 21.0 14.1 2.3 12.2 1.4 17.8 400.0 
clima_RAIMAT 2020 6 17 169 12.1 23.7 27.2 4.6 0.1 1.8 14.6 400.0 
clima_RAIMAT 2020 6 18 170 13.3 24.5 27.6 4.6 6.2 1.4 16.6 400.0 
clima_RAIMAT 2020 6 19 171 14.7 25.9 26.0 4.6 0.0 2.0 18.3 400.0 
clima_RAIMAT 2020 6 20 172 14.4 29.0 29.4 5.3 0.0 1.5 19.2 400.0 
clima_RAIMAT 2020 6 21 173 16.2 31.5 28.9 5.7 0.0 1.9 18.6 400.0 
clima_RAIMAT 2020 6 22 174 13.6 30.1 31.3 5.8 0.0 1.4 16.2 400.0 
clima_RAIMAT 2020 6 23 175 18.1 30.8 31.1 6.2 0.0 2.5 18.7 400.0 
clima_RAIMAT 2020 6 24 176 17.8 30.8 28.0 5.7 0.0 2.1 18.8 400.0 
clima_RAIMAT 2020 6 25 177 16.8 32.6 27.8 6.0 1.1 1.6 19.3 400.0 
clima_RAIMAT 2020 6 26 178 18.4 31.1 26.6 6.1 0.0 2.5 16.8 400.0 
clima_RAIMAT 2020 6 27 179 19.0 31.8 29.9 5.8 0.0 1.4 18.8 400.0 
clima_RAIMAT 2020 6 28 180 19.8 32.5 29.6 5.9 0.0 1.9 22.4 400.0 
clima_RAIMAT 2020 6 29 181 18.9 32.4 29.7 5.8 0.0 1.6 23.0 400.0 
clima_RAIMAT 2020 6 30 182 20.1 31.7 27.5 5.5 2.4 1.9 24.4 400.0 
clima_RAIMAT 2020 7 1 183 18.1 34.6 29.5 5.9 0.0 1.1 22.3 400.0 
clima_RAIMAT 2020 7 2 184 17.8 31.3 28.5 5.4 0.5 1.5 20.0 400.0 
clima_RAIMAT 2020 7 3 185 15.8 27.4 31.2 5.6 0.0 2.6 14.2 400.0 
clima_RAIMAT 2020 7 4 186 10.9 29.1 32.0 5.5 0.0 1.6 14.0 400.0 
clima_RAIMAT 2020 7 5 187 14.4 33.8 30.7 5.8 0.0 1.1 17.7 400.0 
clima_RAIMAT 2020 7 6 188 16.3 32.4 30.7 6.1 0.0 2.4 19.2 400.0 
clima_RAIMAT 2020 7 7 189 12.6 30.6 31.1 5.4 0.0 1.5 15.7 400.0 
clima_RAIMAT 2020 7 8 190 19.6 33.0 26.4 5.4 0.0 2.4 21.5 400.0 
clima_RAIMAT 2020 7 9 191 18.6 33.4 22.7 4.8 0.0 1.4 21.5 400.0 
clima_RAIMAT 2020 7 10 192 19.2 32.6 28.2 5.9 0.0 1.8 18.7 400.0 
clima_RAIMAT 2020 7 11 193 16.5 31.5 29.3 5.5 0.0 1.8 19.4 400.0 
clima_RAIMAT 2020 7 12 194 18.8 30.5 19.8 4.2 0.1 1.9 21.1 400.0 
clima_RAIMAT 2020 7 13 195 17.4 32.8 26.7 5.2 0.0 2.0 23.3 400.0 
clima_RAIMAT 2020 7 14 196 13.8 28.0 26.4 4.8 0.0 1.4 15.3 400.0 
clima_RAIMAT 2020 7 15 197 13.5 28.9 28.2 5.3 0.0 1.8 14.8 400.0 
clima_RAIMAT 2020 7 16 198 12.5 29.8 29.5 5.3 0.0 1.5 14.8 400.0 
clima_RAIMAT 2020 7 17 199 13.3 30.1 30.2 5.4 0.0 1.4 16.6 400.0 
clima_RAIMAT 2020 7 18 200 13.7 31.6 30.5 5.6 0.0 1.4 17.6 400.0 
clima_RAIMAT 2020 7 19 201 19.7 33.2 30.2 6.2 0.0 2.3 21.4 400.0 
clima_RAIMAT 2020 7 20 202 18.9 32.0 24.4 5.3 0.0 2.6 19.5 400.0 
clima_RAIMAT 2020 7 21 203 19.5 34.6 27.5 6.2 0.0 2.3 18.6 400.0 
clima_RAIMAT 2020 7 22 204 17.0 32.9 25.2 5.6 0.0 2.1 16.4 400.0 
clima_RAIMAT 2020 7 23 205 15.7 35.6 29.2 5.8 0.0 1.2 17.1 400.0 
clima_RAIMAT 2020 7 24 206 19.3 31.5 28.4 5.5 1.1 1.6 20.8 400.0 
clima_RAIMAT 2020 7 25 207 16.7 32.5 29.2 5.5 0.0 1.4 18.2 400.0 
clima_RAIMAT 2020 7 26 208 19.3 34.1 27.9 5.5 0.0 1.6 22.1 400.0 
clima_RAIMAT 2020 7 27 209 20.3 36.4 28.0 6.1 0.0 2.2 21.6 400.0 
clima_RAIMAT 2020 7 28 210 22.2 35.8 27.6 6.5 0.0 2.7 17.6 400.0 
clima_RAIMAT 2020 7 29 211 18.6 34.0 26.4 5.6 0.0 1.6 19.8 400.0 
clima_RAIMAT 2020 7 30 212 22.3 37.3 27.5 6.6 0.0 2.3 18.5 400.0 
clima_RAIMAT 2020 7 31 213 19.4 39.4 27.4 5.9 0.0 1.4 19.3 400.0 
clima_RAIMAT 2020 8 1 214 21.2 35.4 27.4 5.9 0.0 2.0 19.6 400.0 
clima_RAIMAT 2020 8 2 215 16.5 31.6 26.3 5.3 0.0 2.4 18.5 400.0 
clima_RAIMAT 2020 8 3 216 16.9 29.3 28.8 5.6 0.1 2.4 15.0 400.0 
clima_RAIMAT 2020 8 4 217 13.2 30.0 28.7 5.4 0.0 1.4 15.5 400.0 
clima_RAIMAT 2020 8 5 218 11.9 31.2 28.9 5.4 0.0 1.1 16.2 400.0 
clima_RAIMAT 2020 8 6 219 18.1 35.1 28.0 5.8 0.0 1.7 21.2 400.0 
clima_RAIMAT 2020 8 7 220 20.2 36.4 26.4 6.0 0.0 2.0 18.1 400.0 
clima_RAIMAT 2020 8 8 221 20.2 36.5 25.6 5.9 0.0 1.6 20.8 400.0 
clima_RAIMAT 2020 8 9 222 19.9 35.9 21.9 5.4 0.0 2.2 20.7 400.0 
clima_RAIMAT 2020 8 10 223 20.0 31.6 14.1 3.5 0.5 2.0 19.3 400.0 
clima_RAIMAT 2020 8 11 224 19.3 31.4 12.6 3.4 0.0 1.8 17.8 400.0 
clima_RAIMAT 2020 8 12 225 17.6 32.0 25.3 5.1 1.4 1.4 21.3 400.0 
clima_RAIMAT 2020 8 13 226 18.1 31.8 26.5 5.2 0.0 1.1 22.4 400.0 
clima_RAIMAT 2020 8 14 227 20.1 31.4 21.1 4.4 0.0 1.9 24.5 400.0 
clima_RAIMAT 2020 8 15 228 20.4 32.4 24.4 5.2 0.0 2.4 24.4 400.0 
clima_RAIMAT 2020 8 16 229 15.8 28.9 26.7 5.1 0.0 1.7 18.6 400.0 
clima_RAIMAT 2020 8 17 230 13.2 30.0 25.8 5.0 0.0 1.2 15.7 400.0 
clima_RAIMAT 2020 8 18 231 18.0 27.0 13.2 2.8 0.3 1.4 19.1 400.0 
clima_RAIMAT 2020 8 19 232 16.3 34.4 26.2 5.6 0.0 1.6 18.8 400.0 
clima_RAIMAT 2020 8 20 233 21.6 34.8 25.0 6.1 0.0 3.1 17.6 400.0 
clima_RAIMAT 2020 8 21 234 19.8 35.3 25.6 5.3 0.0 1.7 22.1 400.0 
clima_RAIMAT 2020 8 22 235 18.8 32.5 26.0 5.3 0.0 1.6 19.7 400.0 
clima_RAIMAT 2020 8 23 236 15.3 30.2 25.9 4.9 0.0 1.6 16.9 400.0 
clima_RAIMAT 2020 8 24 237 13.1 30.4 25.7 4.6 0.0 1.4 16.9 400.0 
clima_RAIMAT 2020 8 25 238 18.4 35.6 24.9 5.0 0.0 1.4 21.7 400.0 
clima_RAIMAT 2020 8 26 239 20.3 34.0 24.1 5.0 0.0 1.6 24.8 400.0 
clima_RAIMAT 2020 8 27 240 21.1 34.3 23.6 5.0 0.0 1.7 25.6 400.0 
clima_RAIMAT 2020 8 28 241 17.3 30.6 14.2 3.1 15.5 1.9 22.3 400.0 
clima_RAIMAT 2020 8 29 242 13.4 24.7 21.9 4.3 0.0 2.9 12.6 400.0 
clima_RAIMAT 2020 8 30 243 11.5 24.2 25.6 4.4 0.0 2.0 12.7 400.0 
clima_RAIMAT 2020 8 31 244 8.3 25.3 25.4 4.2 0.0 1.3 13.0 400.0 
clima_RAIMAT 2020 9 1 245 10.7 25.2 16.1 3.0 0.0 1.1 13.6 400.0 
clima_RAIMAT 2020 9 2 246 9.9 26.2 24.4 4.3 0.0 1.1 14.9 400.0 
clima_RAIMAT 2020 9 3 247 12.3 29.1 24.3 4.4 0.0 1.2 16.6 400.0 
clima_RAIMAT 2020 9 4 248 18.4 31.1 24.0 4.9 0.0 2.1 18.7 400.0 
clima_RAIMAT 2020 9 5 249 15.4 30.8 23.3 4.5 0.0 1.4 18.1 400.0 
clima_RAIMAT 2020 9 6 250 15.4 28.2 22.3 4.1 0.0 2.2 16.2 400.0 
clima_RAIMAT 2020 9 7 251 11.2 25.8 22.9 4.0 0.0 1.8 12.3 400.0 
clima_RAIMAT 2020 9 8 252 8.6 27.5 21.8 3.9 0.3 1.4 13.4 400.0 
clima_RAIMAT 2020 9 9 253 15.6 25.4 12.9 2.4 1.8 1.5 18.8 400.0 
clima_RAIMAT 2020 9 10 254 14.7 28.9 19.3 3.5 0.0 1.4 19.3 400.0 
clima_RAIMAT 2020 9 11 255 12.7 30.4 22.2 4.0 0.0 1.3 17.7 400.0 
clima_RAIMAT 2020 9 12 256 13.6 31.4 21.6 4.0 0.0 1.2 17.4 400.0 
clima_RAIMAT 2020 9 13 257 14.1 33.2 22.1 4.3 0.0 1.3 16.6 400.0 
clima_RAIMAT 2020 9 14 258 16.6 31.9 21.0 4.5 0.0 2.0 15.4 400.0 
clima_RAIMAT 2020 9 15 259 17.9 31.7 19.8 3.8 0.0 1.3 18.5 400.0 
clima_RAIMAT 2020 9 16 260 15.3 32.0 19.7 3.8 0.0 1.2 19.6 400.0 
clima_RAIMAT 2020 9 17 261 16.8 29.6 10.2 2.7 0.0 1.9 17.1 400.0 
clima_RAIMAT 2020 9 18 262 19.0 23.8 9.9 1.9 2.1 3.4 18.8 400.0 
clima_RAIMAT 2020 9 19 263 16.7 26.5 19.0 3.5 1.6 1.8 18.8 400.0 
clima_RAIMAT 2020 9 20 264 12.6 26.4 20.0 3.6 0.0 1.6 16.5 400.0 
clima_RAIMAT 2020 9 21 265 14.0 25.7 16.6 3.0 0.0 1.3 17.4 400.0 
clima_RAIMAT 2020 9 22 266 11.2 26.1 19.9 3.4 0.0 1.1 16.3 400.0 
clima_RAIMAT 2020 9 23 267 12.1 26.5 17.6 3.2 0.0 1.1 16.3 400.0 
clima_RAIMAT 2020 9 24 268 13.5 24.2 11.2 2.2 0.0 1.6 16.1 400.0 
clima_RAIMAT 2020 9 25 269 11.1 17.2 19.3 3.1 0.0 5.6 9.0 400.0 
clima_RAIMAT 2020 9 26 270 10.3 20.0 17.6 3.0 0.0 4.8 11.0 400.0 
clima_RAIMAT 2020 9 27 271 7.9 20.6 20.0 3.4 0.0 3.9 8.9 400.0 
clima_RAIMAT 2020 9 28 272 8.2 22.8 19.6 3.2 0.0 2.1 11.4 400.0 
clima_RAIMAT 2020 9 29 273 5.0 21.9 18.6 2.9 0.0 1.1 11.2 400.0 
clima_RAIMAT 2020 9 30 274 5.7 25.1 18.7 3.1 0.0 1.1 12.4 400.0 
clima_RAIMAT 2020 10 1 275 8.9 24.9 15.4 2.8 0.0 1.6 14.0 400.0 
clima_RAIMAT 2020 10 2 276 7.8 15.8 4.0 0.7 13.2 2.6 11.3 400.0 
clima_RAIMAT 2020 10 3 277 5.8 16.9 14.5 2.2 0.0 2.2 10.3 400.0 
clima_RAIMAT 2020 10 4 278 3.5 17.9 15.6 2.3 0.2 1.9 10.2 400.0 
clima_RAIMAT 2020 10 5 279 6.3 18.9 18.4 2.8 0.0 2.8 10.3 400.0 
clima_RAIMAT 2020 10 6 280 5.2 24.0 16.7 2.9 0.0 2.1 12.1 400.0 
clima_RAIMAT 2020 10 7 281 11.9 24.9 14.9 3.0 0.0 2.8 14.8 400.0 
clima_RAIMAT 2020 10 8 282 8.5 24.6 17.2 2.8 0.0 1.2 15.1 400.0 
clima_RAIMAT 2020 10 9 283 10.7 24.8 13.8 2.4 0.0 1.0 17.3 400.0 
clima_RAIMAT 2020 10 10 284 10.4 22.5 10.3 1.9 0.0 1.9 13.8 400.0 
clima_RAIMAT 2020 10 11 285 6.8 19.7 17.6 3.0 0.0 2.9 9.1 400.0 
clima_RAIMAT 2020 10 12 286 5.6 19.9 17.5 2.9 0.0 2.5 9.3 400.0 
clima_RAIMAT 2020 10 13 287 4.3 20.6 16.8 3.0 0.0 2.9 9.4 400.0 
clima_RAIMAT 2020 10 14 288 5.4 16.8 16.5 2.4 0.6 3.4 8.8 400.0 
clima_RAIMAT 2020 10 15 289 4.9 17.0 15.4 2.3 0.0 2.8 8.2 400.0 
clima_RAIMAT 2020 10 16 290 -1.5 16.5 16.4 2.1 0.0 1.0 7.8 400.0 
clima_RAIMAT 2020 10 17 291 -1.2 17.5 15.8 2.1 0.0 1.1 8.2 400.0 
clima_RAIMAT 2020 10 18 292 0.3 19.3 15.2 2.2 0.0 0.9 8.7 400.0 
clima_RAIMAT 2020 10 19 293 5.1 22.2 13.2 2.4 0.0 2.8 10.3 400.0 
clima_RAIMAT 2020 10 20 294 14.0 18.7 4.2 1.1 0.2 4.7 14.3 400.0 
clima_RAIMAT 2020 10 21 295 16.4 24.8 10.5 2.1 0.0 3.1 16.5 400.0 
clima_RAIMAT 2020 10 22 296 15.0 19.8 3.5 1.0 2.0 3.7 15.9 400.0 
clima_RAIMAT 2020 10 23 297 5.6 20.4 13.2 2.2 0.0 1.7 11.2 400.0 
clima_RAIMAT 2020 10 24 298 2.9 19.9 13.9 2.0 0.0 0.9 10.9 400.0 
clima_RAIMAT 2020 10 25 299 3.4 18.8 11.0 1.7 3.4 1.1 10.0 400.0 
clima_RAIMAT 2020 10 26 300 7.1 15.7 14.6 2.0 0.1 3.9 9.4 400.0 
clima_RAIMAT 2020 10 27 301 5.2 17.3 11.3 1.7 0.0 1.7 9.7 400.0 
clima_RAIMAT 2020 10 28 302 3.8 20.1 11.7 1.7 0.0 1.0 11.3 400.0 
clima_RAIMAT 2020 10 29 303 3.4 19.7 13.1 1.9 0.0 0.9 11.4 400.0 
clima_RAIMAT 2020 10 30 304 2.2 20.6 13.4 1.9 0.0 0.7 11.3 400.0 
clima_RAIMAT 2020 10 31 305 1.7 22.0 13.2 1.8 0.1 0.9 11.7 400.0 
clima_RAIMAT 2020 11 1 306 3.6 22.5 12.7 1.9 0.0 1.1 11.7 400.0 
clima_RAIMAT 2020 11 2 307 5.7 24.2 12.5 1.9 0.0 0.8 13.1 400.0 
clima_RAIMAT 2020 11 3 308 9.6 15.4 3.0 0.5 8.0 1.6 13.3 400.0 
clima_RAIMAT 2020 11 4 309 7.4 9.6 2.2 0.3 22.1 1.1 10.9 400.0 
clima_RAIMAT 2020 11 5 310 8.4 15.8 8.2 1.1 4.5 1.9 12.3 400.0 
clima_RAIMAT 2020 11 6 311 13.2 17.8 6.1 1.1 7.5 5.4 13.9 400.0 
clima_RAIMAT 2020 11 7 312 8.8 16.9 3.5 0.6 25.6 3.6 13.0 400.0 
clima_RAIMAT 2020 11 8 313 6.2 16.5 6.7 0.9 0.2 0.7 13.2 400.0 
clima_RAIMAT 2020 11 9 314 5.4 16.5 10.4 1.3 0.3 0.6 12.4 400.0 
clima_RAIMAT 2020 11 10 315 4.8 13.0 4.6 0.6 0.1 0.7 11.1 400.0 
clima_RAIMAT 2020 11 11 316 4.2 10.0 2.6 0.4 0.3 0.4 10.1 400.0 
clima_RAIMAT 2020 11 12 317 8.8 10.1 1.8 0.3 0.2 0.6 11.8 400.0 
clima_RAIMAT 2020 11 13 318 5.5 14.5 6.4 0.8 0.2 0.6 11.9 400.0 
clima_RAIMAT 2020 11 14 319 5.2 16.8 8.0 1.1 0.5 0.6 12.2 400.0 
clima_RAIMAT 2020 11 15 320 7.6 17.7 6.6 0.9 0.1 0.6 13.9 400.0 
clima_RAIMAT 2020 11 16 321 5.9 18.6 10.5 1.5 0.0 2.0 11.4 400.0 
clima_RAIMAT 2020 11 17 322 3.0 17.0 10.6 1.2 0.0 0.9 10.7 400.0 
clima_RAIMAT 2020 11 18 323 2.5 15.2 7.4 0.9 0.0 0.8 10.9 400.0 
clima_RAIMAT 2020 11 19 324 5.4 13.8 4.8 0.5 0.0 1.1 11.5 400.0 
clima_RAIMAT 2020 11 20 325 0.3 15.5 10.8 1.2 0.0 1.4 8.2 400.0 
clima_RAIMAT 2020 11 21 326 -1.1 13.1 10.9 1.1 0.0 0.9 7.6 400.0 
clima_RAIMAT 2020 11 22 327 -2.5 12.6 10.7 1.1 0.0 0.8 7.6 400.0 
clima_RAIMAT 2020 11 23 328 -1.6 12.0 9.9 1.0 0.0 0.9 8.0 400.0 
clima_RAIMAT 2020 11 24 329 -1.2 13.3 8.6 0.9 0.0 0.9 8.7 400.0 
clima_RAIMAT 2020 11 25 330 5.8 15.4 7.3 0.9 0.0 1.9 10.6 400.0 
clima_RAIMAT 2020 11 26 331 9.9 15.0 3.1 0.7 0.6 3.9 11.5 400.0 
clima_RAIMAT 2020 11 27 332 11.2 15.7 4.7 0.9 0.3 4.8 11.4 400.0 
clima_RAIMAT 2020 11 28 333 5.7 13.7 3.5 0.6 3.3 1.6 10.6 400.0 
clima_RAIMAT 2020 11 29 334 4.2 15.3 6.4 0.7 0.1 0.9 11.6 400.0 
clima_RAIMAT 2020 11 30 335 4.4 8.2 2.3 0.3 0.2 0.5 9.5 400.0 
clima_RAIMAT 2020 12 1 336 3.9 7.1 1.7 0.2 0.4 0.9 9.0 400.0 
clima_RAIMAT 2020 12 2 337 0.7 12.2 9.3 1.1 0.1 2.2 7.1 400.0 
clima_RAIMAT 2020 12 3 338 -2.8 9.8 8.6 0.8 0.0 1.2 6.7 400.0 
clima_RAIMAT 2020 12 4 339 -1.5 10.2 5.5 0.7 0.4 2.1 6.6 400.0 
clima_RAIMAT 2020 12 5 340 -3.6 9.1 8.4 0.9 0.1 2.4 6.0 400.0 
clima_RAIMAT 2020 12 6 341 3.1 10.4 9.2 1.0 0.0 4.3 7.3 400.0 
clima_RAIMAT 2020 12 7 342 3.6 7.5 2.9 0.3 9.1 1.1 8.6 400.0 
clima_RAIMAT 2020 12 8 343 0.2 9.9 7.4 0.8 0.0 3.4 7.3 400.0 
clima_RAIMAT 2020 12 9 344 2.7 10.3 9.0 0.9 0.0 3.7 7.4 400.0 
clima_RAIMAT 2020 12 10 345 3.9 13.7 9.1 1.0 2.4 2.6 9.3 400.0 
clima_RAIMAT 2020 12 11 346 4.6 10.6 4.1 0.4 11.2 1.5 9.9 400.0 
clima_RAIMAT 2020 12 12 347 7.3 13.5 9.2 1.1 0.0 4.8 8.9 400.0 
clima_RAIMAT 2020 12 13 348 1.7 13.6 8.2 0.9 0.0 1.3 8.7 400.0 
clima_RAIMAT 2020 12 14 349 2.0 11.0 3.3 0.4 0.1 1.4 8.6 400.0 
clima_RAIMAT 2020 12 15 350 2.3 14.4 5.7 0.7 0.5 1.3 9.9 400.0 
clima_RAIMAT 2020 12 16 351 0.2 14.2 7.9 0.8 0.0 0.9 9.2 400.0 
clima_RAIMAT 2020 12 17 352 -0.6 10.2 8.6 0.8 0.1 1.0 8.1 400.0 
clima_RAIMAT 2020 12 18 353 3.2 6.1 2.4 0.3 0.3 0.6 8.5 400.0 
clima_RAIMAT 2020 12 19 354 4.6 7.6 2.4 0.3 3.3 0.6 9.4 400.0 
clima_RAIMAT 2020 12 20 355 6.1 13.1 4.9 0.5 2.8 1.1 11.3 400.0 
clima_RAIMAT 2020 12 21 356 2.4 7.8 3.5 0.3 0.2 0.7 8.8 400.0 
clima_RAIMAT 2020 12 22 357 4.5 6.6 2.6 0.3 0.3 0.5 9.1 400.0 
clima_RAIMAT 2020 12 23 358 3.5 7.5 3.2 0.3 0.3 0.5 9.0 400.0 
clima_RAIMAT 2020 12 24 359 4.7 12.0 6.3 0.7 0.2 1.9 9.4 400.0 
clima_RAIMAT 2020 12 25 360 1.1 9.3 9.4 1.1 0.0 3.0 5.7 400.0 
clima_RAIMAT 2020 12 26 361 -1.6 9.6 9.3 0.9 0.0 2.4 5.4 400.0 
clima_RAIMAT 2020 12 27 362 -4.8 2.7 3.9 0.4 0.0 0.6 5.3 400.0 
clima_RAIMAT 2020 12 28 363 -1.0 10.3 8.1 0.9 1.2 3.2 6.3 400.0 
clima_RAIMAT 2020 12 29 364 2.8 10.1 9.2 1.0 0.0 3.4 6.7 400.0 
clima_RAIMAT 2020 12 30 365 2.0 9.6 8.6 0.9 0.0 3.6 6.7 400.0 
clima_RAIMAT 2020 12 31 366 -3.1 9.2 7.9 0.8 0.0 1.0 6.3 400.0 
