clima_RAIMAT 2014 1 1 1 -1.9 10.3 4.9 0.6 1.0 1.1 7.3 400.0 
clima_RAIMAT 2014 1 2 2 2.4 13.3 6.0 0.7 0.2 0.9 9.3 400.0 
clima_RAIMAT 2014 1 3 3 6.1 16.3 7.0 0.9 0.0 0.9 11.4 400.0 
clima_RAIMAT 2014 1 4 4 5.2 15.7 4.0 0.7 2.7 3.6 9.9 400.0 
clima_RAIMAT 2014 1 5 5 2.1 10.6 5.7 0.8 0.0 3.4 6.6 400.0 
clima_RAIMAT 2014 1 6 6 1.3 12.9 6.6 0.6 0.0 0.9 8.8 400.0 
clima_RAIMAT 2014 1 7 7 1.0 14.3 8.0 0.9 0.0 0.8 9.2 400.0 
clima_RAIMAT 2014 1 8 8 1.0 13.5 7.6 0.8 0.1 0.8 9.4 400.0 
clima_RAIMAT 2014 1 9 9 0.6 6.4 4.8 0.4 0.4 0.6 7.8 400.0 
clima_RAIMAT 2014 1 10 10 0.5 9.0 4.8 0.4 0.3 0.9 8.3 400.0 
clima_RAIMAT 2014 1 11 11 3.5 10.6 4.1 0.5 0.0 1.1 9.2 400.0 
clima_RAIMAT 2014 1 12 12 5.8 8.3 2.8 0.3 0.1 0.7 9.7 400.0 
clima_RAIMAT 2014 1 13 13 2.9 9.0 2.2 0.3 3.6 1.5 8.7 400.0 
clima_RAIMAT 2014 1 14 14 0.0 9.2 4.6 0.5 0.0 1.6 7.3 400.0 
clima_RAIMAT 2014 1 15 15 -0.3 8.4 5.0 0.5 0.5 1.1 7.3 400.0 
clima_RAIMAT 2014 1 16 16 4.3 9.4 2.5 0.3 0.4 1.1 9.3 400.0 
clima_RAIMAT 2014 1 17 17 1.0 11.4 9.0 0.9 0.2 1.3 8.2 400.0 
clima_RAIMAT 2014 1 18 18 3.1 9.5 2.4 0.3 15.1 3.4 8.3 400.0 
clima_RAIMAT 2014 1 19 19 3.7 10.0 6.0 0.6 0.2 2.1 8.7 400.0 
clima_RAIMAT 2014 1 20 20 3.5 9.9 10.5 1.2 0.0 5.5 6.9 400.0 
clima_RAIMAT 2014 1 21 21 1.9 11.3 10.5 1.2 0.0 3.1 7.0 400.0 
clima_RAIMAT 2014 1 22 22 2.8 9.5 4.5 0.5 0.0 1.0 7.7 400.0 
clima_RAIMAT 2014 1 23 23 -1.0 13.5 11.0 1.3 0.0 2.4 7.4 400.0 
clima_RAIMAT 2014 1 24 24 5.6 14.2 10.4 1.4 0.0 5.4 8.7 400.0 
clima_RAIMAT 2014 1 25 25 7.7 18.7 8.9 1.7 0.0 5.1 9.6 400.0 
clima_RAIMAT 2014 1 26 26 4.6 16.9 10.2 1.5 0.0 3.8 8.9 400.0 
clima_RAIMAT 2014 1 27 27 4.7 12.9 10.9 1.7 0.0 5.5 7.2 400.0 
clima_RAIMAT 2014 1 28 28 3.2 10.7 9.0 1.1 4.2 3.1 7.3 400.0 
clima_RAIMAT 2014 1 29 29 -0.3 8.2 6.9 0.8 2.6 1.5 7.5 400.0 
clima_RAIMAT 2014 1 30 30 1.7 10.5 12.1 1.2 0.1 4.1 7.1 400.0 
clima_RAIMAT 2014 1 31 31 1.5 12.4 11.9 1.2 0.0 1.6 7.6 400.0 
clima_RAIMAT 2014 2 1 32 3.0 9.3 3.4 0.5 1.5 2.4 7.2 400.0 
clima_RAIMAT 2014 2 2 33 0.5 11.0 12.6 1.4 0.0 3.6 6.1 400.0 
clima_RAIMAT 2014 2 3 34 -2.2 9.3 7.2 0.7 0.0 1.2 6.4 400.0 
clima_RAIMAT 2014 2 4 35 -2.8 11.5 11.8 1.3 2.4 1.4 6.4 400.0 
clima_RAIMAT 2014 2 5 36 2.4 13.6 11.1 1.4 1.8 3.1 7.8 400.0 
clima_RAIMAT 2014 2 6 37 0.7 16.1 11.9 1.7 0.0 2.4 7.7 400.0 
clima_RAIMAT 2014 2 7 38 4.8 12.8 13.5 1.7 0.1 3.2 7.4 400.0 
clima_RAIMAT 2014 2 8 39 4.9 13.1 4.8 0.7 0.2 1.6 8.4 400.0 
clima_RAIMAT 2014 2 9 40 0.9 8.3 4.3 0.7 4.2 2.9 6.3 400.0 
clima_RAIMAT 2014 2 10 41 4.4 9.2 10.0 1.1 0.4 6.0 7.5 400.0 
clima_RAIMAT 2014 2 11 42 0.6 6.2 4.3 0.6 3.0 2.8 6.1 400.0 
clima_RAIMAT 2014 2 12 43 -1.2 10.6 12.5 1.3 0.1 1.4 7.0 400.0 
clima_RAIMAT 2014 2 13 44 1.2 15.9 11.8 1.5 0.0 1.1 8.8 400.0 
clima_RAIMAT 2014 2 14 45 5.5 18.6 10.0 1.4 0.0 1.3 10.5 400.0 
clima_RAIMAT 2014 2 15 46 6.9 17.5 11.2 1.7 1.2 1.9 10.5 400.0 
clima_RAIMAT 2014 2 16 47 1.6 10.1 4.9 0.6 0.3 1.4 8.0 400.0 
clima_RAIMAT 2014 2 17 48 -0.6 13.3 14.0 1.6 0.1 1.1 7.2 400.0 
clima_RAIMAT 2014 2 18 49 4.4 12.0 6.3 0.9 0.0 1.6 8.0 400.0 
clima_RAIMAT 2014 2 19 50 2.9 16.1 14.8 1.9 0.0 2.4 8.5 400.0 
clima_RAIMAT 2014 2 20 51 -1.0 15.8 12.4 1.5 0.0 1.4 7.9 400.0 
clima_RAIMAT 2014 2 21 52 3.8 12.9 14.6 1.9 0.5 4.1 6.7 400.0 
clima_RAIMAT 2014 2 22 53 -2.9 13.9 16.0 1.9 0.0 2.0 5.6 400.0 
clima_RAIMAT 2014 2 23 54 -0.9 15.5 16.0 2.0 0.0 1.6 6.8 400.0 
clima_RAIMAT 2014 2 24 55 5.7 15.3 15.2 2.0 0.0 2.7 8.5 400.0 
clima_RAIMAT 2014 2 25 56 4.6 14.3 12.1 1.5 0.1 1.8 8.4 400.0 
clima_RAIMAT 2014 2 26 57 1.2 12.3 15.5 2.0 0.0 3.9 6.4 400.0 
clima_RAIMAT 2014 2 27 58 -1.2 10.2 6.0 0.8 0.0 1.6 6.7 400.0 
clima_RAIMAT 2014 2 28 59 1.5 11.4 10.5 1.4 0.8 4.1 7.0 400.0 
clima_RAIMAT 2014 3 1 60 2.7 10.1 8.7 1.2 0.0 3.2 7.6 400.0 
clima_RAIMAT 2014 3 2 61 1.1 17.2 13.7 2.0 0.1 1.8 9.3 400.0 
clima_RAIMAT 2014 3 3 62 5.7 13.2 15.6 2.2 2.1 6.1 7.8 400.0 
clima_RAIMAT 2014 3 4 63 4.1 12.6 17.6 2.0 0.0 6.9 7.5 400.0 
clima_RAIMAT 2014 3 5 64 1.9 18.7 15.9 2.5 0.0 2.2 8.9 400.0 
clima_RAIMAT 2014 3 6 65 0.3 16.9 17.3 2.3 0.0 1.6 8.4 400.0 
clima_RAIMAT 2014 3 7 66 0.0 17.3 18.7 2.6 0.0 1.1 7.1 400.0 
clima_RAIMAT 2014 3 8 67 0.5 19.4 18.9 2.6 0.0 1.2 6.8 400.0 
clima_RAIMAT 2014 3 9 68 4.7 18.9 19.1 3.0 0.0 2.1 6.9 400.0 
clima_RAIMAT 2014 3 10 69 0.9 18.5 18.6 2.7 0.0 1.5 7.2 400.0 
clima_RAIMAT 2014 3 11 70 2.7 16.7 14.9 2.2 0.0 1.5 7.1 400.0 
clima_RAIMAT 2014 3 12 71 2.3 17.5 18.4 2.9 0.0 2.3 7.1 400.0 
clima_RAIMAT 2014 3 13 72 2.8 16.5 14.4 2.0 0.0 0.9 8.3 400.0 
clima_RAIMAT 2014 3 14 73 2.1 17.7 16.5 2.3 0.0 1.4 8.4 400.0 
clima_RAIMAT 2014 3 15 74 2.4 20.7 19.3 3.0 0.0 2.5 8.6 400.0 
clima_RAIMAT 2014 3 16 75 3.9 21.8 19.9 2.9 0.0 1.7 9.3 400.0 
clima_RAIMAT 2014 3 17 76 3.3 23.4 20.2 3.1 0.0 1.1 8.9 400.0 
clima_RAIMAT 2014 3 18 77 4.9 22.3 18.8 2.9 0.0 1.2 9.8 400.0 
clima_RAIMAT 2014 3 19 78 5.0 18.4 18.3 2.5 0.0 1.4 10.2 400.0 
clima_RAIMAT 2014 3 20 79 6.0 19.9 18.0 2.8 0.0 1.9 10.9 400.0 
clima_RAIMAT 2014 3 21 80 7.1 18.0 14.8 2.2 0.0 1.6 11.2 400.0 
clima_RAIMAT 2014 3 22 81 5.7 18.5 16.3 2.5 1.9 3.1 10.0 400.0 
clima_RAIMAT 2014 3 23 82 2.9 12.9 22.1 2.6 0.0 5.5 6.3 400.0 
clima_RAIMAT 2014 3 24 83 1.0 16.0 14.5 2.0 2.4 2.8 8.0 400.0 
clima_RAIMAT 2014 3 25 84 4.3 12.2 9.4 1.5 1.5 5.4 7.6 400.0 
clima_RAIMAT 2014 3 26 85 2.7 15.1 21.3 2.7 0.0 4.7 7.5 400.0 
clima_RAIMAT 2014 3 27 86 1.8 14.8 22.3 2.8 0.0 2.6 6.7 400.0 
clima_RAIMAT 2014 3 28 87 6.9 16.7 17.7 2.7 0.0 3.7 8.0 400.0 
clima_RAIMAT 2014 3 29 88 9.2 17.8 16.4 3.1 0.0 6.1 8.0 400.0 
clima_RAIMAT 2014 3 30 89 10.6 12.9 3.4 0.7 4.8 2.7 11.2 400.0 
clima_RAIMAT 2014 3 31 90 9.3 19.0 17.8 2.7 0.0 1.4 12.6 400.0 
clima_RAIMAT 2014 4 1 91 8.3 19.7 16.9 2.8 0.0 3.1 10.2 400.0 
clima_RAIMAT 2014 4 2 92 10.5 17.2 5.6 1.7 0.5 4.2 9.5 400.0 
clima_RAIMAT 2014 4 3 93 9.2 14.1 2.9 0.5 25.2 2.9 12.6 400.0 
clima_RAIMAT 2014 4 4 94 8.6 17.6 22.5 3.0 0.1 4.8 10.2 400.0 
clima_RAIMAT 2014 4 5 95 8.3 22.3 23.5 3.7 0.0 2.9 11.6 400.0 
clima_RAIMAT 2014 4 6 96 7.0 23.5 24.1 3.7 0.0 1.1 11.8 400.0 
clima_RAIMAT 2014 4 7 97 8.9 26.0 23.0 4.0 0.0 1.1 13.3 400.0 
clima_RAIMAT 2014 4 8 98 9.3 23.7 23.2 3.9 0.0 1.8 13.7 400.0 
clima_RAIMAT 2014 4 9 99 7.4 21.9 23.4 3.7 0.0 1.1 12.5 400.0 
clima_RAIMAT 2014 4 10 100 9.3 24.8 23.1 4.0 0.0 1.2 14.2 400.0 
clima_RAIMAT 2014 4 11 101 11.4 25.9 23.3 4.1 0.1 2.4 14.8 400.0 
clima_RAIMAT 2014 4 12 102 10.1 21.5 21.2 3.4 0.0 1.3 13.6 400.0 
clima_RAIMAT 2014 4 13 103 9.2 24.8 24.5 3.8 0.0 1.8 13.6 400.0 
clima_RAIMAT 2014 4 14 104 10.3 23.9 23.0 3.9 0.0 1.7 12.7 400.0 
clima_RAIMAT 2014 4 15 105 10.6 24.7 22.1 3.9 0.0 1.5 13.7 400.0 
clima_RAIMAT 2014 4 16 106 11.3 25.9 24.8 4.3 0.0 2.1 13.7 400.0 
clima_RAIMAT 2014 4 17 107 10.7 22.9 24.9 4.0 0.0 1.9 11.1 400.0 
clima_RAIMAT 2014 4 18 108 7.6 24.4 26.1 4.3 0.0 1.8 10.7 400.0 
clima_RAIMAT 2014 4 19 109 8.1 24.3 25.2 4.5 0.5 2.9 9.2 400.0 
clima_RAIMAT 2014 4 20 110 9.9 18.2 12.5 2.0 1.9 2.4 12.5 400.0 
clima_RAIMAT 2014 4 21 111 10.7 19.1 12.4 2.0 8.7 1.8 14.6 400.0 
clima_RAIMAT 2014 4 22 112 10.9 20.3 25.2 3.8 0.9 2.1 13.1 400.0 
clima_RAIMAT 2014 4 23 113 8.3 22.1 26.0 4.3 0.0 1.5 12.1 400.0 
clima_RAIMAT 2014 4 24 114 9.0 22.2 15.3 2.9 5.6 2.3 14.2 400.0 
clima_RAIMAT 2014 4 25 115 7.4 17.4 26.8 3.6 0.1 4.9 9.6 400.0 
clima_RAIMAT 2014 4 26 116 4.7 19.9 17.7 2.8 0.6 2.0 10.7 400.0 
clima_RAIMAT 2014 4 27 117 7.9 18.1 28.1 4.2 0.0 5.3 8.1 400.0 
clima_RAIMAT 2014 4 28 118 9.2 20.2 27.8 4.3 0.0 4.9 9.9 400.0 
clima_RAIMAT 2014 4 29 119 10.3 22.3 28.1 4.6 0.0 3.5 11.3 400.0 
clima_RAIMAT 2014 4 30 120 9.9 21.6 27.3 4.6 0.0 3.8 10.5 400.0 
clima_RAIMAT 2014 5 1 121 8.5 22.5 27.0 4.6 0.0 3.0 10.9 400.0 
clima_RAIMAT 2014 5 2 122 7.9 20.2 28.9 4.7 0.0 5.1 8.7 400.0 
clima_RAIMAT 2014 5 3 123 5.5 23.0 28.9 4.9 0.0 2.8 9.7 400.0 
clima_RAIMAT 2014 5 4 124 4.9 24.4 29.1 4.3 0.0 1.9 10.0 400.0 
clima_RAIMAT 2014 5 5 125 11.5 24.1 28.3 5.0 0.0 2.6 12.0 400.0 
clima_RAIMAT 2014 5 6 126 11.7 24.6 23.0 4.2 0.0 2.4 12.7 400.0 
clima_RAIMAT 2014 5 7 127 12.9 24.4 25.5 4.2 0.0 1.8 14.8 400.0 
clima_RAIMAT 2014 5 8 128 12.3 25.4 23.0 4.3 0.0 1.8 13.3 400.0 
clima_RAIMAT 2014 5 9 129 10.8 26.7 28.4 4.7 0.0 1.3 14.7 400.0 
clima_RAIMAT 2014 5 10 130 11.1 28.7 26.4 4.9 0.0 1.2 14.6 400.0 
clima_RAIMAT 2014 5 11 131 10.7 22.5 21.4 3.9 0.0 3.1 11.5 400.0 
clima_RAIMAT 2014 5 12 132 6.4 19.5 15.0 2.5 0.0 1.4 10.3 400.0 
clima_RAIMAT 2014 5 13 133 6.7 20.4 28.3 4.8 0.0 4.1 8.2 400.0 
clima_RAIMAT 2014 5 14 134 2.8 22.4 29.2 4.5 0.0 1.4 8.3 400.0 
clima_RAIMAT 2014 5 15 135 7.9 25.2 29.7 4.8 0.0 2.1 10.9 400.0 
clima_RAIMAT 2014 5 16 136 10.0 24.5 29.9 5.0 0.0 1.9 11.6 400.0 
clima_RAIMAT 2014 5 17 137 9.5 23.9 29.4 4.9 0.0 2.0 11.2 400.0 
clima_RAIMAT 2014 5 18 138 8.6 23.2 23.4 4.3 0.0 1.6 10.8 400.0 
clima_RAIMAT 2014 5 19 139 10.8 25.0 22.7 4.0 0.2 2.9 13.7 400.0 
clima_RAIMAT 2014 5 20 140 15.4 22.8 17.4 3.6 0.2 4.3 14.1 400.0 
clima_RAIMAT 2014 5 21 141 11.1 25.0 19.6 3.5 2.0 3.1 14.7 400.0 
clima_RAIMAT 2014 5 22 142 7.7 21.7 27.1 4.6 0.0 1.9 10.0 400.0 
clima_RAIMAT 2014 5 23 143 7.0 20.3 22.2 3.4 0.1 1.6 10.6 400.0 
clima_RAIMAT 2014 5 24 144 6.6 20.6 16.1 3.0 0.1 2.2 10.0 400.0 
clima_RAIMAT 2014 5 25 145 11.3 23.2 22.6 4.1 0.0 2.5 12.0 400.0 
clima_RAIMAT 2014 5 26 146 9.2 19.8 24.5 3.8 9.3 3.0 11.4 400.0 
clima_RAIMAT 2014 5 27 147 7.6 22.3 24.4 3.9 0.0 1.4 11.4 400.0 
clima_RAIMAT 2014 5 28 148 10.8 21.2 17.5 3.1 9.5 2.1 14.0 400.0 
clima_RAIMAT 2014 5 29 149 9.0 22.0 28.5 4.5 0.0 2.0 11.6 400.0 
clima_RAIMAT 2014 5 30 150 10.9 21.1 19.6 3.2 1.3 1.6 14.0 400.0 
clima_RAIMAT 2014 5 31 151 7.9 23.0 29.3 4.8 0.0 1.6 12.3 400.0 
clima_RAIMAT 2014 6 1 152 9.7 25.3 30.4 5.1 0.0 1.9 12.4 400.0 
clima_RAIMAT 2014 6 2 153 10.5 24.7 29.9 4.9 0.0 1.7 13.1 400.0 
clima_RAIMAT 2014 6 3 154 10.1 25.9 29.6 4.8 0.0 1.4 14.2 400.0 
clima_RAIMAT 2014 6 4 155 14.3 26.3 27.9 5.1 0.7 2.5 14.3 400.0 
clima_RAIMAT 2014 6 5 156 15.0 26.5 29.2 5.4 0.0 1.9 15.7 400.0 
clima_RAIMAT 2014 6 6 157 15.0 30.0 23.6 5.0 0.0 3.2 16.1 400.0 
clima_RAIMAT 2014 6 7 158 18.1 31.2 27.8 6.0 0.0 2.7 14.6 400.0 
clima_RAIMAT 2014 6 8 159 18.6 31.9 29.3 6.3 0.0 2.6 14.5 400.0 
clima_RAIMAT 2014 6 9 160 19.6 32.1 20.8 5.5 0.0 2.9 12.7 400.0 
clima_RAIMAT 2014 6 10 161 15.0 31.9 29.1 6.3 0.0 2.0 12.4 400.0 
clima_RAIMAT 2014 6 11 162 15.9 32.0 29.0 5.6 0.0 1.2 13.7 400.0 
clima_RAIMAT 2014 6 12 163 16.8 32.4 25.5 5.5 0.0 1.7 17.3 400.0 
clima_RAIMAT 2014 6 13 164 15.6 32.2 29.8 5.8 0.0 1.4 18.1 400.0 
clima_RAIMAT 2014 6 14 165 16.1 30.5 29.7 6.2 0.0 3.0 15.7 400.0 
clima_RAIMAT 2014 6 15 166 13.1 29.0 30.7 6.0 0.0 2.1 13.0 400.0 
clima_RAIMAT 2014 6 16 167 12.8 25.5 29.2 5.1 0.4 1.5 13.3 400.0 
clima_RAIMAT 2014 6 17 168 12.8 27.8 28.2 5.4 2.9 2.1 16.2 400.0 
clima_RAIMAT 2014 6 18 169 12.1 27.0 30.1 5.3 0.0 1.8 14.8 400.0 
clima_RAIMAT 2014 6 19 170 15.6 28.1 28.5 5.3 0.0 2.0 16.0 400.0 
clima_RAIMAT 2014 6 20 171 15.5 31.0 28.6 5.9 0.0 2.0 14.8 400.0 
clima_RAIMAT 2014 6 21 172 16.7 31.8 29.5 6.6 0.0 2.4 11.8 400.0 
clima_RAIMAT 2014 6 22 173 13.9 30.0 23.7 4.8 0.0 1.6 15.3 400.0 
clima_RAIMAT 2014 6 23 174 16.9 29.0 23.5 4.7 0.0 1.6 19.0 400.0 
clima_RAIMAT 2014 6 24 175 14.8 21.1 7.8 1.5 6.3 1.9 18.1 400.0 
clima_RAIMAT 2014 6 25 176 14.3 26.4 21.3 3.9 0.1 1.4 18.4 400.0 
clima_RAIMAT 2014 6 26 177 14.5 27.4 27.8 5.0 0.0 1.9 16.6 400.0 
clima_RAIMAT 2014 6 27 178 12.8 29.8 28.4 5.4 0.0 1.9 17.2 400.0 
clima_RAIMAT 2014 6 28 179 17.7 31.9 29.5 6.2 0.0 2.5 18.1 400.0 
clima_RAIMAT 2014 6 29 180 13.5 25.4 29.7 5.6 0.0 4.5 11.7 400.0 
clima_RAIMAT 2014 6 30 181 9.6 28.3 31.0 5.4 0.0 1.6 12.5 400.0 
clima_RAIMAT 2014 7 1 182 17.6 28.4 17.5 3.6 0.1 2.8 18.5 400.0 
clima_RAIMAT 2014 7 2 183 16.7 25.3 11.6 2.4 1.8 2.1 19.1 400.0 
clima_RAIMAT 2014 7 3 184 14.9 25.9 14.2 2.8 1.4 2.4 17.0 400.0 
clima_RAIMAT 2014 7 4 185 15.4 27.3 27.3 4.9 0.0 2.8 17.3 400.0 
clima_RAIMAT 2014 7 5 186 13.6 32.2 29.3 5.8 0.0 1.5 15.6 400.0 
clima_RAIMAT 2014 7 6 187 18.9 30.4 24.8 5.2 0.0 2.1 16.7 400.0 
clima_RAIMAT 2014 7 7 188 14.2 25.1 21.5 3.9 1.7 2.9 15.8 400.0 
clima_RAIMAT 2014 7 8 189 11.1 26.9 30.6 5.7 0.0 3.5 11.9 400.0 
clima_RAIMAT 2014 7 9 190 12.2 26.0 31.3 5.9 0.0 4.1 11.9 400.0 
clima_RAIMAT 2014 7 10 191 9.8 27.4 30.9 5.7 0.0 2.9 11.8 400.0 
clima_RAIMAT 2014 7 11 192 10.1 28.7 30.7 5.6 0.0 2.5 13.1 400.0 
clima_RAIMAT 2014 7 12 193 12.3 28.0 30.1 5.4 0.0 1.9 14.2 400.0 
clima_RAIMAT 2014 7 13 194 11.3 29.2 28.8 5.3 0.0 1.8 13.5 400.0 
clima_RAIMAT 2014 7 14 195 18.3 30.5 29.9 5.7 0.0 2.0 16.8 400.0 
clima_RAIMAT 2014 7 15 196 17.2 32.0 28.9 5.6 0.0 1.9 19.8 400.0 
clima_RAIMAT 2014 7 16 197 19.4 34.6 29.3 6.1 0.0 1.9 20.3 400.0 
clima_RAIMAT 2014 7 17 198 20.2 34.4 28.6 6.6 0.0 2.8 17.8 400.0 
clima_RAIMAT 2014 7 18 199 21.0 34.0 22.7 6.0 0.0 3.6 16.2 400.0 
clima_RAIMAT 2014 7 19 200 18.4 32.2 23.1 5.1 0.6 2.3 14.8 400.0 
clima_RAIMAT 2014 7 20 201 16.0 28.1 29.6 6.2 0.0 4.1 14.0 400.0 
clima_RAIMAT 2014 7 21 202 15.1 29.5 29.6 5.8 0.0 3.1 14.3 400.0 
clima_RAIMAT 2014 7 22 203 13.0 31.0 29.6 5.4 0.0 1.5 15.6 400.0 
clima_RAIMAT 2014 7 23 204 14.6 32.0 29.3 5.5 0.0 1.4 17.2 400.0 
clima_RAIMAT 2014 7 24 205 18.3 33.5 27.1 5.5 0.0 1.9 18.4 400.0 
clima_RAIMAT 2014 7 25 206 19.0 30.5 22.9 4.7 0.3 1.9 18.7 400.0 
clima_RAIMAT 2014 7 26 207 17.2 32.6 27.2 5.5 0.0 1.7 19.8 400.0 
clima_RAIMAT 2014 7 27 208 19.4 32.0 27.7 5.4 0.0 1.5 20.8 400.0 
clima_RAIMAT 2014 7 28 209 18.0 26.6 15.7 3.2 0.1 1.6 17.5 400.0 
clima_RAIMAT 2014 7 29 210 15.5 28.3 28.8 5.9 0.0 3.7 13.1 400.0 
clima_RAIMAT 2014 7 30 211 11.1 29.6 29.0 5.2 0.0 1.6 13.8 400.0 
clima_RAIMAT 2014 7 31 212 14.5 31.7 28.8 5.5 0.0 1.6 17.5 400.0 
clima_RAIMAT 2014 8 1 213 19.5 30.8 18.6 4.0 2.6 2.6 21.4 400.0 
clima_RAIMAT 2014 8 2 214 15.4 27.3 15.5 3.1 5.7 1.5 19.8 400.0 
clima_RAIMAT 2014 8 3 215 13.9 30.0 27.8 5.1 0.1 1.0 18.4 400.0 
clima_RAIMAT 2014 8 4 216 19.0 30.7 23.3 4.5 0.0 1.5 22.9 400.0 
clima_RAIMAT 2014 8 5 217 19.9 29.8 26.3 5.1 0.0 1.8 21.7 400.0 
clima_RAIMAT 2014 8 6 218 19.5 31.3 26.5 5.3 0.0 1.9 20.8 400.0 
clima_RAIMAT 2014 8 7 219 19.4 32.6 26.2 5.1 0.0 1.4 21.5 400.0 
clima_RAIMAT 2014 8 8 220 21.0 31.0 24.6 5.2 0.0 3.1 22.5 400.0 
clima_RAIMAT 2014 8 9 221 21.5 30.6 19.8 4.4 0.0 2.9 21.9 400.0 
clima_RAIMAT 2014 8 10 222 19.8 34.6 27.0 5.5 0.0 1.6 20.9 400.0 
clima_RAIMAT 2014 8 11 223 20.3 31.3 26.1 5.1 0.0 1.6 20.9 400.0 
clima_RAIMAT 2014 8 12 224 19.7 29.3 18.1 3.7 0.0 1.6 21.8 400.0 
clima_RAIMAT 2014 8 13 225 14.8 25.6 28.0 5.6 0.0 4.3 13.5 400.0 
clima_RAIMAT 2014 8 14 226 10.7 25.8 26.7 4.8 0.0 2.4 11.9 400.0 
clima_RAIMAT 2014 8 15 227 12.0 27.2 27.4 5.1 0.0 2.6 12.5 400.0 
clima_RAIMAT 2014 8 16 228 12.7 26.2 27.2 4.9 0.0 2.0 12.6 400.0 
clima_RAIMAT 2014 8 17 229 9.6 29.1 26.6 4.7 0.0 1.1 14.6 400.0 
clima_RAIMAT 2014 8 18 230 18.3 30.1 21.7 4.7 0.9 2.6 20.5 400.0 
clima_RAIMAT 2014 8 19 231 15.7 28.3 24.4 4.3 0.0 1.6 19.8 400.0 
clima_RAIMAT 2014 8 20 232 18.4 29.3 20.6 4.1 0.0 1.4 19.2 400.0 
clima_RAIMAT 2014 8 21 233 16.5 25.9 17.7 3.4 0.0 1.6 16.4 400.0 
clima_RAIMAT 2014 8 22 234 17.7 29.4 15.0 3.1 31.9 2.1 23.2 400.0 
clima_RAIMAT 2014 8 23 235 12.8 26.6 24.4 4.3 0.0 1.9 15.6 400.0 
clima_RAIMAT 2014 8 24 236 15.2 30.3 24.1 4.4 0.0 1.3 20.2 400.0 
clima_RAIMAT 2014 8 25 237 18.7 31.5 24.0 4.7 0.0 1.6 22.6 400.0 
clima_RAIMAT 2014 8 26 238 17.2 32.4 24.7 5.1 0.0 1.6 20.7 400.0 
clima_RAIMAT 2014 8 27 239 19.1 32.2 24.8 5.2 0.0 1.9 21.4 400.0 
clima_RAIMAT 2014 8 28 240 19.0 32.1 24.1 5.0 0.0 2.0 22.6 400.0 
clima_RAIMAT 2014 8 29 241 19.5 28.4 13.1 2.7 0.0 1.4 22.0 400.0 
clima_RAIMAT 2014 8 30 242 18.8 29.3 20.7 4.1 0.0 1.3 21.2 400.0 
clima_RAIMAT 2014 8 31 243 16.8 30.8 22.0 4.3 0.0 1.2 21.5 400.0 
clima_RAIMAT 2014 9 1 244 15.2 31.9 23.9 4.5 0.0 1.4 19.7 400.0 
clima_RAIMAT 2014 9 2 245 16.0 31.0 24.0 4.6 0.0 1.6 20.3 400.0 
clima_RAIMAT 2014 9 3 246 17.6 32.0 22.2 4.5 0.0 2.1 21.9 400.0 
clima_RAIMAT 2014 9 4 247 17.6 31.2 18.3 3.9 1.0 2.4 22.6 400.0 
clima_RAIMAT 2014 9 5 248 17.8 29.5 18.6 3.7 0.0 1.5 21.9 400.0 
clima_RAIMAT 2014 9 6 249 17.9 31.0 19.9 4.0 0.0 1.6 22.1 400.0 
clima_RAIMAT 2014 9 7 250 16.9 30.9 18.5 3.9 34.0 2.2 21.3 400.0 
clima_RAIMAT 2014 9 8 251 16.5 29.1 21.0 3.9 8.6 1.4 20.8 400.0 
clima_RAIMAT 2014 9 9 252 14.9 29.7 19.4 3.6 0.0 1.2 19.9 400.0 
clima_RAIMAT 2014 9 10 253 15.4 31.0 21.7 4.0 0.0 1.0 20.2 400.0 
clima_RAIMAT 2014 9 11 254 17.3 30.4 21.4 4.1 0.0 1.4 21.6 400.0 
clima_RAIMAT 2014 9 12 255 15.9 30.5 21.2 4.1 0.0 1.6 19.9 400.0 
clima_RAIMAT 2014 9 13 256 16.0 30.7 19.8 3.6 0.0 1.4 20.6 400.0 
clima_RAIMAT 2014 9 14 257 17.0 29.3 15.4 3.0 26.2 2.0 22.7 400.0 
clima_RAIMAT 2014 9 15 258 14.6 28.5 19.4 3.5 0.0 1.1 19.5 400.0 
clima_RAIMAT 2014 9 16 259 18.5 27.4 17.7 3.5 9.0 2.9 21.0 400.0 
clima_RAIMAT 2014 9 17 260 18.2 29.0 18.2 3.4 0.0 1.6 21.0 400.0 
clima_RAIMAT 2014 9 18 261 17.2 27.9 17.0 3.3 0.0 1.4 19.9 400.0 
clima_RAIMAT 2014 9 19 262 16.9 27.1 17.5 3.2 1.0 1.4 19.6 400.0 
clima_RAIMAT 2014 9 20 263 15.2 27.7 15.3 2.9 0.0 0.9 19.9 400.0 
clima_RAIMAT 2014 9 21 264 15.4 26.9 14.9 2.8 0.0 1.0 19.3 400.0 
clima_RAIMAT 2014 9 22 265 16.1 20.1 2.1 0.5 17.5 1.2 18.5 400.0 
clima_RAIMAT 2014 9 23 266 15.9 22.9 11.6 2.0 0.2 1.1 19.4 400.0 
clima_RAIMAT 2014 9 24 267 11.0 22.4 17.5 2.9 0.0 1.9 13.1 400.0 
clima_RAIMAT 2014 9 25 268 8.1 22.0 19.4 3.0 0.0 1.1 13.2 400.0 
clima_RAIMAT 2014 9 26 269 8.2 24.6 19.5 3.0 0.0 1.1 14.2 400.0 
clima_RAIMAT 2014 9 27 270 9.4 24.5 18.7 3.3 0.0 1.6 13.3 400.0 
clima_RAIMAT 2014 9 28 271 16.6 19.4 2.0 0.6 19.0 2.1 17.3 400.0 
clima_RAIMAT 2014 9 29 272 14.2 22.0 8.4 1.5 0.2 0.8 18.9 400.0 
clima_RAIMAT 2014 9 30 273 14.5 21.8 6.1 1.1 1.9 0.9 19.6 400.0 
clima_RAIMAT 2014 10 1 274 13.2 21.1 6.4 1.1 0.0 1.0 18.0 400.0 
clima_RAIMAT 2014 10 2 275 11.4 24.3 11.7 1.9 0.2 0.9 18.0 400.0 
clima_RAIMAT 2014 10 3 276 11.6 24.5 17.5 3.0 0.0 1.2 16.6 400.0 
clima_RAIMAT 2014 10 4 277 11.6 25.6 17.4 3.0 0.0 1.4 16.7 400.0 
clima_RAIMAT 2014 10 5 278 14.7 22.7 16.7 2.7 10.4 1.6 17.0 400.0 
clima_RAIMAT 2014 10 6 279 15.0 24.1 14.0 2.5 0.0 1.4 17.3 400.0 
clima_RAIMAT 2014 10 7 280 12.9 25.2 14.5 2.5 0.0 1.1 17.6 400.0 
clima_RAIMAT 2014 10 8 281 11.2 26.6 17.3 3.1 0.1 1.2 15.5 400.0 
clima_RAIMAT 2014 10 9 282 14.9 27.9 13.8 2.6 4.1 1.3 18.1 400.0 
clima_RAIMAT 2014 10 10 283 11.7 23.5 10.0 1.8 0.0 1.1 17.1 400.0 
clima_RAIMAT 2014 10 11 284 10.3 24.0 13.8 2.4 0.2 2.0 15.8 400.0 
clima_RAIMAT 2014 10 12 285 11.7 24.1 11.3 2.1 3.8 2.1 16.2 400.0 
clima_RAIMAT 2014 10 13 286 9.4 21.6 15.7 2.5 0.1 1.1 13.9 400.0 
clima_RAIMAT 2014 10 14 287 12.4 18.7 7.3 1.3 2.5 1.3 14.6 400.0 
clima_RAIMAT 2014 10 15 288 8.5 20.4 12.7 2.0 0.0 1.2 13.0 400.0 
clima_RAIMAT 2014 10 16 289 10.9 25.6 13.9 2.3 0.0 0.7 16.6 400.0 
clima_RAIMAT 2014 10 17 290 10.2 26.4 14.9 2.5 0.0 1.0 16.0 400.0 
clima_RAIMAT 2014 10 18 291 8.9 28.2 15.3 2.7 0.0 1.0 14.7 400.0 
clima_RAIMAT 2014 10 19 292 10.4 28.5 13.8 2.7 0.0 1.3 14.9 400.0 
clima_RAIMAT 2014 10 20 293 11.0 27.5 14.3 2.5 0.0 0.7 16.7 400.0 
clima_RAIMAT 2014 10 21 294 9.3 28.0 13.3 3.0 0.0 3.1 13.7 400.0 
clima_RAIMAT 2014 10 22 295 8.1 21.5 15.1 2.8 0.0 3.3 9.1 400.0 
clima_RAIMAT 2014 10 23 296 3.9 23.4 14.8 2.3 0.0 1.1 9.5 400.0 
clima_RAIMAT 2014 10 24 297 4.9 24.1 14.0 2.3 0.0 1.0 8.4 400.0 
clima_RAIMAT 2014 10 25 298 8.3 26.5 13.2 2.2 0.0 1.1 12.9 400.0 
clima_RAIMAT 2014 10 26 299 8.7 25.3 13.2 2.1 0.0 1.1 14.1 400.0 
clima_RAIMAT 2014 10 27 300 13.9 21.5 10.1 1.6 0.0 1.9 15.6 400.0 
clima_RAIMAT 2014 10 28 301 12.8 20.9 7.8 1.4 0.0 1.9 15.0 400.0 
clima_RAIMAT 2014 10 29 302 11.0 19.8 9.3 1.4 0.0 0.9 15.0 400.0 
clima_RAIMAT 2014 10 30 303 10.4 19.0 6.6 1.0 0.0 0.8 14.7 400.0 
clima_RAIMAT 2014 10 31 304 9.6 21.7 10.9 1.7 0.0 1.0 14.7 400.0 
clima_RAIMAT 2014 11 1 305 9.0 19.7 7.3 1.1 0.0 1.0 13.9 400.0 
clima_RAIMAT 2014 11 2 306 13.1 20.8 9.7 1.7 0.0 1.7 14.9 400.0 
clima_RAIMAT 2014 11 3 307 12.2 20.8 10.1 1.6 3.3 1.4 14.3 400.0 
clima_RAIMAT 2014 11 4 308 7.3 15.0 8.4 1.2 6.4 3.1 10.6 400.0 
clima_RAIMAT 2014 11 5 309 2.7 15.5 11.2 1.5 0.0 2.1 9.0 400.0 
clima_RAIMAT 2014 11 6 310 -0.1 15.6 12.7 1.6 0.0 1.9 8.1 400.0 
clima_RAIMAT 2014 11 7 311 2.8 17.5 11.7 1.6 0.0 1.4 9.8 400.0 
clima_RAIMAT 2014 11 8 312 2.5 14.5 6.0 0.8 0.0 0.8 9.6 400.0 
clima_RAIMAT 2014 11 9 313 3.5 13.1 6.4 0.8 3.9 0.9 10.0 400.0 
clima_RAIMAT 2014 11 10 314 1.9 12.7 8.3 1.0 0.1 0.9 8.9 400.0 
clima_RAIMAT 2014 11 11 315 1.5 11.0 2.7 0.5 4.7 1.3 8.7 400.0 
clima_RAIMAT 2014 11 12 316 4.4 16.1 11.3 1.4 0.2 1.7 10.6 400.0 
clima_RAIMAT 2014 11 13 317 3.0 18.3 10.7 1.4 0.0 1.0 10.1 400.0 
clima_RAIMAT 2014 11 14 318 8.9 16.7 3.4 0.6 2.2 1.4 12.8 400.0 
clima_RAIMAT 2014 11 15 319 5.1 15.4 10.0 1.5 0.7 2.4 9.7 400.0 
clima_RAIMAT 2014 11 16 320 3.0 14.4 9.6 1.2 0.1 1.6 8.5 400.0 
clima_RAIMAT 2014 11 17 321 5.5 13.8 10.9 1.3 0.0 3.6 8.5 400.0 
clima_RAIMAT 2014 11 18 322 0.5 14.8 10.2 1.2 0.0 1.1 8.2 400.0 
clima_RAIMAT 2014 11 19 323 0.4 15.5 10.3 1.2 0.0 1.0 8.5 400.0 
clima_RAIMAT 2014 11 20 324 6.4 18.1 10.2 1.4 0.0 1.8 11.0 400.0 
clima_RAIMAT 2014 11 21 325 9.7 17.9 8.4 1.2 0.0 1.9 12.9 400.0 
clima_RAIMAT 2014 11 22 326 10.6 19.0 5.9 0.9 0.0 2.4 13.1 400.0 
clima_RAIMAT 2014 11 23 327 15.2 19.2 1.7 1.0 0.0 3.4 11.0 400.0 
clima_RAIMAT 2014 11 24 328 11.7 20.1 5.8 1.1 0.1 1.8 13.0 400.0 
clima_RAIMAT 2014 11 25 329 10.2 17.5 6.3 0.9 0.0 0.6 13.8 400.0 
clima_RAIMAT 2014 11 26 330 6.8 13.6 2.7 0.4 15.0 0.9 11.7 400.0 
clima_RAIMAT 2014 11 27 331 7.4 16.0 7.6 1.0 4.5 3.4 12.0 400.0 
clima_RAIMAT 2014 11 28 332 11.4 16.5 5.2 0.9 17.7 4.6 12.9 400.0 
clima_RAIMAT 2014 11 29 333 13.0 15.6 2.3 0.5 42.7 5.1 14.5 400.0 
clima_RAIMAT 2014 11 30 334 10.2 15.6 1.5 0.4 6.8 2.3 13.2 400.0 
clima_RAIMAT 2014 12 1 335 4.2 16.1 9.4 1.3 0.0 2.3 9.8 400.0 
clima_RAIMAT 2014 12 2 336 1.4 14.5 9.5 1.0 0.0 1.6 8.7 400.0 
clima_RAIMAT 2014 12 3 337 0.8 10.4 9.3 0.9 0.9 1.0 7.5 400.0 
clima_RAIMAT 2014 12 4 338 2.9 6.6 1.6 0.2 8.1 1.4 8.1 400.0 
clima_RAIMAT 2014 12 5 339 1.5 12.9 9.4 0.9 0.1 1.4 8.4 400.0 
clima_RAIMAT 2014 12 6 340 0.8 10.9 7.3 0.8 0.1 2.1 7.1 400.0 
clima_RAIMAT 2014 12 7 341 1.0 11.4 9.5 1.1 0.0 2.9 6.1 400.0 
clima_RAIMAT 2014 12 8 342 2.1 13.1 6.4 0.7 0.0 3.0 8.4 400.0 
clima_RAIMAT 2014 12 9 343 -0.5 13.2 9.3 1.3 0.0 3.1 5.0 400.0 
clima_RAIMAT 2014 12 10 344 -2.6 9.2 8.2 0.8 0.0 0.9 6.0 400.0 
clima_RAIMAT 2014 12 11 345 0.6 14.3 9.1 1.0 0.0 1.9 8.4 400.0 
clima_RAIMAT 2014 12 12 346 -1.8 11.4 8.3 0.8 0.1 0.9 7.6 400.0 
clima_RAIMAT 2014 12 13 347 -1.0 11.9 7.7 0.7 0.1 1.1 7.9 400.0 
clima_RAIMAT 2014 12 14 348 2.3 13.3 4.5 0.6 0.0 1.5 8.7 400.0 
clima_RAIMAT 2014 12 15 349 5.2 12.0 3.2 0.4 1.0 1.8 9.4 400.0 
clima_RAIMAT 2014 12 16 350 2.0 12.2 6.7 0.7 0.0 1.2 8.8 400.0 
clima_RAIMAT 2014 12 17 351 1.9 10.4 5.2 0.6 0.1 1.7 8.0 400.0 
clima_RAIMAT 2014 12 18 352 4.2 14.7 7.6 0.8 0.0 1.5 9.8 400.0 
clima_RAIMAT 2014 12 19 353 2.1 9.9 3.3 0.3 0.1 0.9 8.9 400.0 
clima_RAIMAT 2014 12 20 354 2.9 7.1 2.3 0.3 0.1 0.9 8.0 400.0 
clima_RAIMAT 2014 12 21 355 3.6 8.2 3.0 0.3 0.1 0.9 8.6 400.0 
clima_RAIMAT 2014 12 22 356 2.7 5.2 2.0 0.2 0.2 0.6 7.8 400.0 
clima_RAIMAT 2014 12 23 357 1.1 2.8 1.7 0.2 0.0 0.6 6.8 400.0 
clima_RAIMAT 2014 12 24 358 0.2 1.5 1.1 0.2 0.0 0.9 6.2 400.0 
clima_RAIMAT 2014 12 25 359 0.7 1.8 1.6 0.2 0.0 1.0 6.2 400.0 
clima_RAIMAT 2014 12 26 360 1.3 6.2 4.2 0.4 0.1 1.0 7.4 400.0 
clima_RAIMAT 2014 12 27 361 2.2 12.0 4.5 0.6 0.0 3.7 8.3 400.0 
clima_RAIMAT 2014 12 28 362 -0.1 11.4 9.0 1.3 0.0 4.9 5.1 400.0 
clima_RAIMAT 2014 12 29 363 -2.6 9.8 9.6 1.0 0.0 2.6 4.4 400.0 
clima_RAIMAT 2014 12 30 364 -6.0 6.0 9.3 0.8 0.0 1.1 4.1 400.0 
clima_RAIMAT 2014 12 31 365 -6.4 9.5 9.6 0.8 0.0 1.0 5.1 400.0 
