clima_RAIMAT 2012 1 1 1 0.0 12.8 7.5 0.8 0.0 1.0 8.6 400.0 
clima_RAIMAT 2012 1 2 2 -0.1 13.9 8.3 1.2 0.1 3.4 7.3 400.0 
clima_RAIMAT 2012 1 3 3 0.5 12.5 8.7 0.9 0.0 1.5 7.2 400.0 
clima_RAIMAT 2012 1 4 4 -0.9 15.9 8.9 1.2 0.0 3.1 7.1 400.0 
clima_RAIMAT 2012 1 5 5 -1.1 16.4 8.3 1.3 0.0 3.9 6.9 400.0 
clima_RAIMAT 2012 1 6 6 3.2 15.8 7.9 1.5 0.0 5.4 6.5 400.0 
clima_RAIMAT 2012 1 7 7 -2.2 12.3 9.4 0.9 0.0 1.3 6.7 400.0 
clima_RAIMAT 2012 1 8 8 -3.7 12.2 9.7 0.9 0.0 1.1 7.1 400.0 
clima_RAIMAT 2012 1 9 9 -2.9 8.3 8.1 0.6 0.1 1.1 6.8 400.0 
clima_RAIMAT 2012 1 10 10 -3.1 3.3 3.9 0.3 0.4 0.5 6.0 400.0 
clima_RAIMAT 2012 1 11 11 -0.7 1.5 2.5 0.2 0.4 0.5 6.2 400.0 
clima_RAIMAT 2012 1 12 12 -0.8 2.3 2.0 0.2 0.0 0.6 6.4 400.0 
clima_RAIMAT 2012 1 13 13 0.7 2.0 1.1 0.2 0.2 1.3 6.5 400.0 
clima_RAIMAT 2012 1 14 14 -2.1 3.6 2.4 0.3 0.0 0.9 6.1 400.0 
clima_RAIMAT 2012 1 15 15 -2.0 1.3 1.8 0.2 0.1 0.8 5.8 400.0 
clima_RAIMAT 2012 1 16 16 -0.2 11.5 5.8 0.7 0.0 1.4 7.8 400.0 
clima_RAIMAT 2012 1 17 17 -1.1 11.0 7.4 0.8 0.0 1.0 7.3 400.0 
clima_RAIMAT 2012 1 18 18 -3.5 6.7 5.4 0.5 0.1 1.0 6.4 400.0 
clima_RAIMAT 2012 1 19 19 -4.6 5.0 4.9 0.4 0.1 0.7 6.0 400.0 
clima_RAIMAT 2012 1 20 20 -1.8 10.8 6.0 0.6 0.2 0.7 8.1 400.0 
clima_RAIMAT 2012 1 21 21 -0.9 15.8 10.6 1.2 0.1 1.2 8.6 400.0 
clima_RAIMAT 2012 1 22 22 -1.2 16.3 10.7 1.2 0.0 1.1 8.6 400.0 
clima_RAIMAT 2012 1 23 23 -1.3 12.7 9.6 0.9 0.1 0.9 8.3 400.0 
clima_RAIMAT 2012 1 24 24 -2.7 14.0 8.8 0.9 0.1 0.9 8.1 400.0 
clima_RAIMAT 2012 1 25 25 -3.5 10.6 11.0 1.0 0.0 0.9 6.9 400.0 
clima_RAIMAT 2012 1 26 26 -4.0 10.0 10.0 1.0 0.1 1.0 6.7 400.0 
clima_RAIMAT 2012 1 27 27 -0.1 9.4 6.5 0.8 0.2 0.8 7.4 400.0 
clima_RAIMAT 2012 1 28 28 2.8 11.1 10.6 1.1 0.2 2.9 7.5 400.0 
clima_RAIMAT 2012 1 29 29 -4.1 11.9 11.9 1.6 0.0 2.7 4.0 400.0 
clima_RAIMAT 2012 1 30 30 -6.5 9.0 11.6 1.2 0.0 1.6 3.8 400.0 
clima_RAIMAT 2012 1 31 31 -4.1 12.0 8.2 1.1 0.0 2.3 5.4 400.0 
clima_RAIMAT 2012 2 1 32 0.1 8.0 2.9 0.4 0.2 1.4 6.7 400.0 
clima_RAIMAT 2012 2 2 33 -5.4 1.7 3.3 0.4 0.0 2.3 4.0 400.0 
clima_RAIMAT 2012 2 3 34 -8.7 6.3 12.4 1.1 0.0 2.9 2.6 400.0 
clima_RAIMAT 2012 2 4 35 -5.6 5.1 12.8 1.4 0.0 5.1 2.1 400.0 
clima_RAIMAT 2012 2 5 36 -5.8 3.9 4.3 0.4 0.7 1.6 4.3 400.0 
clima_RAIMAT 2012 2 6 37 -5.0 13.9 13.3 1.9 0.0 3.4 4.4 400.0 
clima_RAIMAT 2012 2 7 38 -4.5 9.7 13.7 2.0 0.0 4.3 2.5 400.0 
clima_RAIMAT 2012 2 8 39 -7.3 5.7 13.2 1.3 0.0 2.8 2.0 400.0 
clima_RAIMAT 2012 2 9 40 -7.9 7.2 13.0 1.1 0.0 2.1 3.8 400.0 
clima_RAIMAT 2012 2 10 41 -5.8 10.9 13.8 1.4 0.0 1.9 3.8 400.0 
clima_RAIMAT 2012 2 11 42 -9.7 8.2 14.4 1.7 0.0 2.8 2.1 400.0 
clima_RAIMAT 2012 2 12 43 -10.3 8.5 14.5 1.6 0.0 3.1 2.2 400.0 
clima_RAIMAT 2012 2 13 44 -7.1 11.4 14.1 1.7 0.0 2.9 2.7 400.0 
clima_RAIMAT 2012 2 14 45 -5.9 10.7 11.9 1.3 0.0 1.4 4.3 400.0 
clima_RAIMAT 2012 2 15 46 -4.7 14.1 15.3 1.9 0.0 2.9 5.1 400.0 
clima_RAIMAT 2012 2 16 47 -4.0 15.5 15.4 2.1 0.0 2.2 5.1 400.0 
clima_RAIMAT 2012 2 17 48 -2.4 11.9 15.2 1.6 0.0 1.5 5.7 400.0 
clima_RAIMAT 2012 2 18 49 -3.9 14.0 15.4 1.6 0.0 1.2 6.0 400.0 
clima_RAIMAT 2012 2 19 50 -3.7 13.6 14.7 1.7 0.0 1.5 5.6 400.0 
clima_RAIMAT 2012 2 20 51 -6.3 13.0 16.6 2.0 0.0 2.1 3.9 400.0 
clima_RAIMAT 2012 2 21 52 -6.6 10.2 16.1 1.7 0.0 1.1 4.0 400.0 
clima_RAIMAT 2012 2 22 53 -5.0 13.2 16.3 1.8 0.0 1.3 3.9 400.0 
clima_RAIMAT 2012 2 23 54 -4.4 16.4 16.4 1.9 0.0 1.2 3.9 400.0 
clima_RAIMAT 2012 2 24 55 -1.7 17.4 15.7 1.8 0.0 0.9 4.6 400.0 
clima_RAIMAT 2012 2 25 56 -1.4 18.1 14.6 2.0 0.0 1.0 5.5 400.0 
clima_RAIMAT 2012 2 26 57 2.7 22.1 16.8 2.6 0.0 2.3 8.6 400.0 
clima_RAIMAT 2012 2 27 58 0.9 16.8 16.6 2.2 0.0 1.6 7.7 400.0 
clima_RAIMAT 2012 2 28 59 1.9 17.3 16.5 2.2 0.0 1.1 8.4 400.0 
clima_RAIMAT 2012 2 29 60 -0.2 18.9 16.7 2.2 0.0 1.1 8.0 400.0 
clima_RAIMAT 2012 3 1 61 0.5 20.4 16.6 2.5 0.0 1.1 7.6 400.0 
clima_RAIMAT 2012 3 2 62 1.4 18.2 17.2 2.7 0.0 2.2 7.9 400.0 
clima_RAIMAT 2012 3 3 63 2.9 19.6 15.6 2.5 0.0 2.0 8.8 400.0 
clima_RAIMAT 2012 3 4 64 2.7 14.9 8.7 1.5 0.0 2.6 7.8 400.0 
clima_RAIMAT 2012 3 5 65 3.1 15.0 17.8 2.8 0.0 3.6 5.1 400.0 
clima_RAIMAT 2012 3 6 66 -1.9 14.6 18.3 2.6 0.0 2.6 5.1 400.0 
clima_RAIMAT 2012 3 7 67 -2.3 13.7 17.8 2.2 0.0 1.4 4.9 400.0 
clima_RAIMAT 2012 3 8 68 0.4 17.7 17.7 3.0 0.0 2.6 5.4 400.0 
clima_RAIMAT 2012 3 9 69 -1.0 15.3 18.9 2.4 0.0 1.5 5.8 400.0 
clima_RAIMAT 2012 3 10 70 -1.1 15.7 18.2 2.5 0.0 1.7 6.1 400.0 
clima_RAIMAT 2012 3 11 71 -0.6 19.1 19.2 2.7 0.0 1.9 6.6 400.0 
clima_RAIMAT 2012 3 12 72 1.9 17.8 19.1 2.6 0.0 1.0 8.0 400.0 
clima_RAIMAT 2012 3 13 73 1.8 21.5 19.1 2.8 0.0 0.9 8.4 400.0 
clima_RAIMAT 2012 3 14 74 3.7 24.4 19.2 2.9 0.0 1.4 9.0 400.0 
clima_RAIMAT 2012 3 15 75 4.6 23.9 19.6 3.4 0.0 1.8 8.1 400.0 
clima_RAIMAT 2012 3 16 76 7.3 21.5 20.2 3.8 0.0 3.1 6.6 400.0 
clima_RAIMAT 2012 3 17 77 3.3 20.6 19.5 2.9 0.0 1.4 7.8 400.0 
clima_RAIMAT 2012 3 18 78 5.4 16.0 20.1 3.2 0.0 3.6 6.2 400.0 
clima_RAIMAT 2012 3 19 79 3.0 15.6 21.0 2.7 0.0 2.6 6.6 400.0 
clima_RAIMAT 2012 3 20 80 1.8 15.1 18.6 2.6 5.8 1.4 6.5 400.0 
clima_RAIMAT 2012 3 21 81 5.9 12.9 5.4 0.9 13.7 3.6 9.8 400.0 
clima_RAIMAT 2012 3 22 82 6.2 14.2 12.4 1.6 1.0 1.6 10.1 400.0 
clima_RAIMAT 2012 3 23 83 2.5 16.5 20.0 2.7 0.0 1.3 8.4 400.0 
clima_RAIMAT 2012 3 24 84 3.3 19.7 21.3 3.1 0.0 1.3 8.9 400.0 
clima_RAIMAT 2012 3 25 85 4.5 21.8 21.8 3.3 0.0 1.1 9.4 400.0 
clima_RAIMAT 2012 3 26 86 7.3 21.3 19.9 3.3 0.0 1.8 9.1 400.0 
clima_RAIMAT 2012 3 27 87 4.8 20.7 20.7 3.3 0.0 1.2 9.1 400.0 
clima_RAIMAT 2012 3 28 88 3.8 21.5 21.8 3.4 0.0 1.1 8.3 400.0 
clima_RAIMAT 2012 3 29 89 5.0 23.2 22.0 3.4 0.0 1.1 8.5 400.0 
clima_RAIMAT 2012 3 30 90 4.8 24.9 22.8 3.9 0.0 1.7 8.6 400.0 
clima_RAIMAT 2012 3 31 91 5.9 25.8 22.5 3.5 0.0 1.3 9.5 400.0 
clima_RAIMAT 2012 4 1 92 8.0 23.5 21.4 3.5 0.0 1.5 9.8 400.0 
clima_RAIMAT 2012 4 2 93 8.6 21.6 20.0 3.5 0.0 2.2 9.3 400.0 
clima_RAIMAT 2012 4 3 94 9.4 16.5 7.1 1.4 10.6 2.4 12.1 400.0 
clima_RAIMAT 2012 4 4 95 9.3 13.9 7.3 1.1 1.4 1.6 12.4 400.0 
clima_RAIMAT 2012 4 5 96 9.7 15.3 10.5 1.5 3.7 2.1 12.5 400.0 
clima_RAIMAT 2012 4 6 97 3.8 16.2 14.4 1.8 13.1 2.7 10.1 400.0 
clima_RAIMAT 2012 4 7 98 1.4 14.8 22.7 3.0 0.1 2.7 8.1 400.0 
clima_RAIMAT 2012 4 8 99 4.6 18.4 24.7 3.6 0.0 3.6 9.1 400.0 
clima_RAIMAT 2012 4 9 100 3.8 19.2 24.6 3.4 0.0 1.6 9.8 400.0 
clima_RAIMAT 2012 4 10 101 7.3 20.6 17.6 3.2 2.1 3.1 10.7 400.0 
clima_RAIMAT 2012 4 11 102 5.1 16.2 21.8 3.1 0.0 3.1 8.1 400.0 
clima_RAIMAT 2012 4 12 103 5.7 16.5 15.2 2.3 0.0 1.5 9.5 400.0 
clima_RAIMAT 2012 4 13 104 4.7 17.2 23.6 3.5 0.0 3.6 8.2 400.0 
clima_RAIMAT 2012 4 14 105 5.3 14.9 15.6 2.2 1.2 2.6 8.6 400.0 
clima_RAIMAT 2012 4 15 106 4.5 16.1 21.2 3.2 0.0 3.6 7.1 400.0 
clima_RAIMAT 2012 4 16 107 3.4 17.5 19.7 3.5 0.0 4.1 5.2 400.0 
clima_RAIMAT 2012 4 17 108 -0.4 19.0 26.3 3.8 0.0 3.1 6.3 400.0 
clima_RAIMAT 2012 4 18 109 8.1 15.7 19.4 3.1 0.1 4.7 7.8 400.0 
clima_RAIMAT 2012 4 19 110 6.9 16.9 20.5 3.3 0.0 4.3 8.4 400.0 
clima_RAIMAT 2012 4 20 111 6.8 19.6 24.3 3.7 0.0 3.8 9.2 400.0 
clima_RAIMAT 2012 4 21 112 5.9 20.9 21.7 3.5 0.4 2.1 10.6 400.0 
clima_RAIMAT 2012 4 22 113 7.0 17.4 19.6 3.3 0.0 3.0 8.2 400.0 
clima_RAIMAT 2012 4 23 114 3.6 19.3 20.9 3.5 0.0 2.1 7.7 400.0 
clima_RAIMAT 2012 4 24 115 5.8 16.6 27.7 4.2 0.0 5.1 6.2 400.0 
clima_RAIMAT 2012 4 25 116 5.9 22.6 24.3 4.3 0.0 3.6 9.1 400.0 
clima_RAIMAT 2012 4 26 117 13.0 25.9 25.5 4.9 0.0 3.2 12.2 400.0 
clima_RAIMAT 2012 4 27 118 13.8 21.3 10.8 2.2 0.0 2.6 11.8 400.0 
clima_RAIMAT 2012 4 28 119 9.9 22.9 13.1 2.6 6.9 2.6 13.6 400.0 
clima_RAIMAT 2012 4 29 120 6.9 18.9 23.6 3.8 0.0 2.2 10.0 400.0 
clima_RAIMAT 2012 4 30 121 7.6 13.4 12.5 1.5 23.4 2.5 10.5 400.0 
clima_RAIMAT 2012 5 1 122 5.2 19.8 26.9 4.1 0.0 1.4 9.8 400.0 
clima_RAIMAT 2012 5 2 123 8.4 21.4 28.0 4.5 0.0 1.6 10.2 400.0 
clima_RAIMAT 2012 5 3 124 8.1 22.6 26.9 4.5 0.0 1.7 10.3 400.0 
clima_RAIMAT 2012 5 4 125 10.2 20.1 19.2 3.1 0.1 1.5 12.6 400.0 
clima_RAIMAT 2012 5 5 126 9.6 19.5 23.5 3.8 0.0 1.6 11.3 400.0 
clima_RAIMAT 2012 5 6 127 8.5 21.0 29.0 4.7 0.0 2.5 10.6 400.0 
clima_RAIMAT 2012 5 7 128 11.1 23.2 28.7 4.8 0.0 1.5 11.1 400.0 
clima_RAIMAT 2012 5 8 129 11.6 25.0 18.7 3.4 3.7 1.1 13.9 400.0 
clima_RAIMAT 2012 5 9 130 13.2 28.6 28.0 5.1 0.0 1.3 17.0 400.0 
clima_RAIMAT 2012 5 10 131 14.9 30.2 27.7 5.7 0.0 2.1 13.7 400.0 
clima_RAIMAT 2012 5 11 132 14.5 31.9 27.7 5.5 0.0 1.7 13.1 400.0 
clima_RAIMAT 2012 5 12 133 15.4 32.3 22.1 4.6 0.4 1.4 17.4 400.0 
clima_RAIMAT 2012 5 13 134 15.5 29.2 25.1 5.1 0.0 2.4 17.3 400.0 
clima_RAIMAT 2012 5 14 135 11.0 26.4 27.6 4.9 0.0 1.6 12.5 400.0 
clima_RAIMAT 2012 5 15 136 9.0 24.3 29.9 5.2 0.0 3.4 9.3 400.0 
clima_RAIMAT 2012 5 16 137 7.8 22.9 30.1 4.7 0.0 2.1 9.8 400.0 
clima_RAIMAT 2012 5 17 138 11.5 22.6 17.4 3.1 0.0 3.3 14.4 400.0 
clima_RAIMAT 2012 5 18 139 14.1 24.0 20.6 3.9 0.1 3.3 14.5 400.0 
clima_RAIMAT 2012 5 19 140 13.5 23.9 22.7 4.2 7.0 2.9 15.1 400.0 
clima_RAIMAT 2012 5 20 141 8.9 17.4 14.6 2.3 7.8 2.6 11.9 400.0 
clima_RAIMAT 2012 5 21 142 8.2 17.1 26.2 3.7 0.0 6.6 9.4 400.0 
clima_RAIMAT 2012 5 22 143 11.1 24.4 23.4 4.4 0.0 4.4 12.2 400.0 
clima_RAIMAT 2012 5 23 144 8.0 26.9 29.9 4.9 0.0 1.9 13.1 400.0 
clima_RAIMAT 2012 5 24 145 11.6 30.3 29.1 5.2 0.0 1.4 14.4 400.0 
clima_RAIMAT 2012 5 25 146 17.2 29.4 28.8 6.1 0.0 2.5 12.9 400.0 
clima_RAIMAT 2012 5 26 147 15.3 29.2 24.5 4.7 0.0 1.8 15.3 400.0 
clima_RAIMAT 2012 5 27 148 14.7 28.8 28.6 5.1 0.0 1.6 16.9 400.0 
clima_RAIMAT 2012 5 28 149 15.1 28.8 28.5 5.4 0.0 1.6 15.5 400.0 
clima_RAIMAT 2012 5 29 150 15.1 30.1 28.2 5.4 0.0 1.6 15.9 400.0 
clima_RAIMAT 2012 5 30 151 15.3 32.3 28.5 5.6 0.0 1.8 15.0 400.0 
clima_RAIMAT 2012 5 31 152 15.1 31.6 28.6 5.7 0.0 1.9 14.3 400.0 
clima_RAIMAT 2012 6 1 153 17.5 33.5 29.3 5.9 0.0 1.9 14.4 400.0 
clima_RAIMAT 2012 6 2 154 16.0 33.9 26.7 5.9 0.0 1.8 14.5 400.0 
clima_RAIMAT 2012 6 3 155 15.1 26.3 20.6 3.8 8.9 2.2 17.8 400.0 
clima_RAIMAT 2012 6 4 156 12.8 26.8 30.2 5.7 0.0 2.4 12.2 400.0 
clima_RAIMAT 2012 6 5 157 10.5 29.0 30.5 5.4 0.0 1.4 13.1 400.0 
clima_RAIMAT 2012 6 6 158 16.1 31.1 28.1 5.3 0.0 1.6 18.6 400.0 
clima_RAIMAT 2012 6 7 159 18.1 32.5 25.5 5.3 0.0 2.1 20.3 400.0 
clima_RAIMAT 2012 6 8 160 15.1 25.8 25.5 5.2 0.0 3.5 12.0 400.0 
clima_RAIMAT 2012 6 9 161 10.3 26.1 25.2 4.6 0.0 1.6 11.9 400.0 
clima_RAIMAT 2012 6 10 162 14.2 28.7 24.5 5.1 0.0 1.9 15.8 400.0 
clima_RAIMAT 2012 6 11 163 14.5 27.2 23.8 5.1 0.0 3.0 12.6 400.0 
clima_RAIMAT 2012 6 12 164 12.1 23.6 31.2 5.6 0.0 4.6 10.0 400.0 
clima_RAIMAT 2012 6 13 165 12.1 25.5 29.7 5.1 0.0 2.2 10.8 400.0 
clima_RAIMAT 2012 6 14 166 15.9 28.6 27.6 5.4 0.0 3.1 14.8 400.0 
clima_RAIMAT 2012 6 15 167 17.3 31.7 30.2 6.3 0.0 2.7 12.6 400.0 
clima_RAIMAT 2012 6 16 168 18.8 33.2 30.0 6.0 0.0 1.9 13.4 400.0 
clima_RAIMAT 2012 6 17 169 17.6 30.0 25.7 5.4 0.0 2.6 14.7 400.0 
clima_RAIMAT 2012 6 18 170 18.0 31.3 22.3 4.9 0.7 1.9 18.0 400.0 
clima_RAIMAT 2012 6 19 171 17.1 23.8 8.8 1.8 21.5 1.7 20.7 400.0 
clima_RAIMAT 2012 6 20 172 14.4 31.5 28.2 5.1 0.1 0.9 20.2 400.0 
clima_RAIMAT 2012 6 21 173 16.9 31.0 28.4 5.8 0.0 1.7 17.8 400.0 
clima_RAIMAT 2012 6 22 174 12.9 29.8 30.1 5.5 0.0 1.6 14.2 400.0 
clima_RAIMAT 2012 6 23 175 16.2 30.3 28.4 5.6 0.0 1.6 17.1 400.0 
clima_RAIMAT 2012 6 24 176 15.8 32.3 29.1 5.7 0.0 1.4 18.5 400.0 
clima_RAIMAT 2012 6 25 177 15.6 37.1 30.4 5.9 0.0 1.4 18.2 400.0 
clima_RAIMAT 2012 6 26 178 17.7 35.1 29.5 6.1 0.0 1.6 17.9 400.0 
clima_RAIMAT 2012 6 27 179 17.3 35.7 26.8 6.2 0.0 2.0 17.0 400.0 
clima_RAIMAT 2012 6 28 180 19.8 37.6 28.1 6.2 0.0 1.8 19.7 400.0 
clima_RAIMAT 2012 6 29 181 20.8 35.8 28.7 5.9 0.0 1.6 19.2 400.0 
clima_RAIMAT 2012 6 30 182 16.7 33.9 29.9 5.9 0.0 1.7 17.7 400.0 
clima_RAIMAT 2012 7 1 183 13.4 21.0 12.9 2.5 0.0 2.0 12.5 400.0 
clima_RAIMAT 2012 7 2 184 10.4 27.9 29.7 5.0 0.0 1.6 13.1 400.0 
clima_RAIMAT 2012 7 3 185 17.1 31.7 27.4 5.5 0.0 2.0 17.4 400.0 
clima_RAIMAT 2012 7 4 186 19.8 30.5 27.5 5.6 0.0 2.6 18.2 400.0 
clima_RAIMAT 2012 7 5 187 16.2 27.4 15.7 3.0 7.3 1.9 20.4 400.0 
clima_RAIMAT 2012 7 6 188 13.3 28.2 29.8 5.2 0.0 1.4 16.9 400.0 
clima_RAIMAT 2012 7 7 189 17.7 29.5 28.8 5.6 0.0 3.3 19.5 400.0 
clima_RAIMAT 2012 7 8 190 19.3 30.6 28.5 5.5 0.0 1.9 20.2 400.0 
clima_RAIMAT 2012 7 9 191 18.0 31.0 25.2 5.1 0.0 1.9 19.4 400.0 
clima_RAIMAT 2012 7 10 192 19.3 31.7 26.4 5.1 0.0 1.4 21.5 400.0 
clima_RAIMAT 2012 7 11 193 16.4 30.3 29.6 5.4 0.1 1.4 17.5 400.0 
clima_RAIMAT 2012 7 12 194 12.8 29.9 30.1 5.2 0.2 1.5 16.5 400.0 
clima_RAIMAT 2012 7 13 195 18.8 32.9 26.2 5.2 0.0 1.5 21.3 400.0 
clima_RAIMAT 2012 7 14 196 16.9 28.9 26.8 5.5 0.0 2.6 15.1 400.0 
clima_RAIMAT 2012 7 15 197 11.3 27.1 29.8 5.6 0.0 2.6 11.3 400.0 
clima_RAIMAT 2012 7 16 198 10.4 29.4 29.8 5.2 0.0 1.3 13.7 400.0 
clima_RAIMAT 2012 7 17 199 16.7 34.1 29.7 5.7 0.0 1.3 18.5 400.0 
clima_RAIMAT 2012 7 18 200 19.3 36.2 29.7 5.9 0.0 1.3 16.8 400.0 
clima_RAIMAT 2012 7 19 201 21.2 35.3 28.4 6.0 0.0 1.9 14.6 400.0 
clima_RAIMAT 2012 7 20 202 17.1 32.2 27.8 5.4 0.0 1.6 16.1 400.0 
clima_RAIMAT 2012 7 21 203 13.8 29.2 28.8 5.3 0.0 1.4 15.4 400.0 
clima_RAIMAT 2012 7 22 204 13.8 29.2 26.4 4.9 0.0 1.7 15.1 400.0 
clima_RAIMAT 2012 7 23 205 14.1 28.8 29.0 5.6 0.0 2.3 14.8 400.0 
clima_RAIMAT 2012 7 24 206 16.0 28.9 28.3 5.6 0.0 2.5 15.2 400.0 
clima_RAIMAT 2012 7 25 207 16.0 31.8 27.4 5.6 0.0 2.1 18.4 400.0 
clima_RAIMAT 2012 7 26 208 16.5 33.4 24.4 5.4 0.0 1.9 17.0 400.0 
clima_RAIMAT 2012 7 27 209 16.2 31.4 19.1 4.1 9.9 1.6 18.6 400.0 
clima_RAIMAT 2012 7 28 210 16.2 30.7 28.2 5.2 0.0 1.4 20.5 400.0 
clima_RAIMAT 2012 7 29 211 15.9 31.4 27.3 5.1 0.0 1.4 19.0 400.0 
clima_RAIMAT 2012 7 30 212 20.0 32.0 21.2 4.3 0.0 1.8 24.2 400.0 
clima_RAIMAT 2012 7 31 213 19.4 32.6 27.0 5.5 0.0 1.9 22.9 400.0 
clima_RAIMAT 2012 8 1 214 19.3 36.0 28.2 5.7 0.0 1.5 22.6 400.0 
clima_RAIMAT 2012 8 2 215 19.5 32.5 27.2 5.3 0.0 1.3 21.8 400.0 
clima_RAIMAT 2012 8 3 216 16.6 31.9 27.0 5.3 0.0 1.4 18.5 400.0 
clima_RAIMAT 2012 8 4 217 18.5 32.6 26.8 5.3 0.0 1.6 19.6 400.0 
clima_RAIMAT 2012 8 5 218 15.5 31.1 21.6 4.7 35.4 2.1 20.6 400.0 
clima_RAIMAT 2012 8 6 219 14.8 28.1 28.0 4.9 0.0 1.8 17.6 400.0 
clima_RAIMAT 2012 8 7 220 17.4 30.7 26.3 5.3 0.0 1.6 19.1 400.0 
clima_RAIMAT 2012 8 8 221 17.9 33.5 26.9 5.7 0.0 1.6 16.8 400.0 
clima_RAIMAT 2012 8 9 222 19.8 35.8 26.0 5.7 0.0 1.7 15.7 400.0 
clima_RAIMAT 2012 8 10 223 18.7 37.2 26.0 5.7 0.0 1.5 18.5 400.0 
clima_RAIMAT 2012 8 11 224 19.9 37.7 23.9 5.5 0.0 1.6 17.4 400.0 
clima_RAIMAT 2012 8 12 225 17.8 31.2 24.8 4.8 0.0 1.6 18.4 400.0 
clima_RAIMAT 2012 8 13 226 19.3 31.6 25.3 5.0 0.0 1.6 22.1 400.0 
clima_RAIMAT 2012 8 14 227 20.5 33.2 26.0 5.6 0.0 2.6 22.6 400.0 
clima_RAIMAT 2012 8 15 228 20.8 33.0 25.7 5.5 0.0 2.4 19.8 400.0 
clima_RAIMAT 2012 8 16 229 16.1 33.6 25.9 5.2 0.0 1.1 17.6 400.0 
clima_RAIMAT 2012 8 17 230 19.2 35.2 24.6 5.9 0.0 2.2 16.6 400.0 
clima_RAIMAT 2012 8 18 231 22.0 36.7 24.0 6.0 0.0 2.2 15.1 400.0 
clima_RAIMAT 2012 8 19 232 22.3 36.2 17.3 4.7 0.0 2.0 18.3 400.0 
clima_RAIMAT 2012 8 20 233 19.8 39.0 22.8 5.1 0.0 1.4 20.1 400.0 
clima_RAIMAT 2012 8 21 234 23.5 36.9 23.6 5.2 0.0 1.6 18.0 400.0 
clima_RAIMAT 2012 8 22 235 20.5 34.9 23.1 5.1 0.0 1.8 17.8 400.0 
clima_RAIMAT 2012 8 23 236 24.1 34.8 22.2 5.5 0.0 2.4 16.0 400.0 
clima_RAIMAT 2012 8 24 237 20.2 35.9 24.8 5.1 0.0 1.5 20.1 400.0 
clima_RAIMAT 2012 8 25 238 18.6 31.0 21.9 5.1 0.0 2.5 17.8 400.0 
clima_RAIMAT 2012 8 26 239 15.4 29.6 25.4 4.6 0.0 2.0 15.3 400.0 
clima_RAIMAT 2012 8 27 240 20.0 32.3 23.2 5.0 0.0 2.6 22.4 400.0 
clima_RAIMAT 2012 8 28 241 22.3 33.6 23.1 4.9 0.0 2.2 24.9 400.0 
clima_RAIMAT 2012 8 29 242 21.7 32.6 20.1 4.3 0.0 2.3 24.8 400.0 
clima_RAIMAT 2012 8 30 243 13.9 26.4 14.8 2.9 0.9 1.9 16.3 400.0 
clima_RAIMAT 2012 8 31 244 10.1 25.2 22.2 4.3 0.0 2.0 11.7 400.0 
clima_RAIMAT 2012 9 1 245 7.5 19.8 10.0 1.9 0.0 1.4 9.7 400.0 
clima_RAIMAT 2012 9 2 246 5.7 25.2 24.6 4.4 0.0 1.9 9.3 400.0 
clima_RAIMAT 2012 9 3 247 7.8 27.0 21.5 4.1 0.0 1.9 11.1 400.0 
clima_RAIMAT 2012 9 4 248 10.2 28.1 23.3 4.2 0.0 1.4 13.7 400.0 
clima_RAIMAT 2012 9 5 249 12.4 29.3 21.7 4.0 0.0 1.2 16.0 400.0 
clima_RAIMAT 2012 9 6 250 14.3 30.4 21.6 3.9 0.0 1.1 17.3 400.0 
clima_RAIMAT 2012 9 7 251 18.0 31.9 21.6 4.3 0.0 1.5 16.1 400.0 
clima_RAIMAT 2012 9 8 252 14.9 31.5 20.1 4.1 0.2 1.5 18.2 400.0 
clima_RAIMAT 2012 9 9 253 15.3 31.0 21.2 4.2 0.0 1.6 18.7 400.0 
clima_RAIMAT 2012 9 10 254 17.0 29.5 18.9 3.9 0.0 2.0 18.2 400.0 
clima_RAIMAT 2012 9 11 255 17.7 30.6 20.9 3.8 0.0 1.4 20.8 400.0 
clima_RAIMAT 2012 9 12 256 15.0 28.7 19.5 4.3 0.0 3.2 16.2 400.0 
clima_RAIMAT 2012 9 13 257 12.9 26.0 18.4 3.9 0.0 3.6 11.7 400.0 
clima_RAIMAT 2012 9 14 258 10.6 28.4 21.7 4.0 0.0 1.9 12.2 400.0 
clima_RAIMAT 2012 9 15 259 8.3 29.6 22.0 3.7 0.0 1.4 12.9 400.0 
clima_RAIMAT 2012 9 16 260 16.5 30.3 20.5 3.8 0.0 1.7 17.8 400.0 
clima_RAIMAT 2012 9 17 261 16.7 27.5 12.6 2.5 0.0 1.4 19.9 400.0 
clima_RAIMAT 2012 9 18 262 17.4 26.8 9.7 1.9 0.0 1.1 21.8 400.0 
clima_RAIMAT 2012 9 19 263 14.5 25.8 19.4 3.4 0.0 1.6 17.5 400.0 
clima_RAIMAT 2012 9 20 264 9.3 26.3 19.7 3.5 0.0 1.7 14.9 400.0 
clima_RAIMAT 2012 9 21 265 17.0 27.4 17.6 3.4 0.0 2.3 19.5 400.0 
clima_RAIMAT 2012 9 22 266 16.2 28.6 19.2 3.6 0.0 1.6 19.8 400.0 
clima_RAIMAT 2012 9 23 267 18.3 29.6 17.0 3.4 0.3 2.8 21.7 400.0 
clima_RAIMAT 2012 9 24 268 12.1 26.2 20.3 4.0 0.0 2.6 12.6 400.0 
clima_RAIMAT 2012 9 25 269 10.6 23.7 15.9 3.0 0.0 1.5 11.3 400.0 
clima_RAIMAT 2012 9 26 270 7.9 17.9 6.7 1.4 0.1 1.5 10.7 400.0 
clima_RAIMAT 2012 9 27 271 7.6 20.8 12.8 2.2 0.0 0.9 10.7 400.0 
clima_RAIMAT 2012 9 28 272 14.7 20.7 6.9 1.5 0.3 1.1 15.0 400.0 
clima_RAIMAT 2012 9 29 273 12.0 17.6 2.8 0.5 30.1 1.5 16.0 400.0 
clima_RAIMAT 2012 9 30 274 8.6 20.7 18.9 2.8 0.1 1.3 12.7 400.0 
clima_RAIMAT 2012 10 1 275 6.8 20.7 18.7 2.8 0.0 1.2 12.1 400.0 
clima_RAIMAT 2012 10 2 276 5.5 22.9 17.6 2.8 0.0 0.9 12.0 400.0 
clima_RAIMAT 2012 10 3 277 8.1 26.0 17.8 3.0 0.0 1.0 14.6 400.0 
clima_RAIMAT 2012 10 4 278 11.5 26.2 17.5 2.9 0.0 1.1 16.7 400.0 
clima_RAIMAT 2012 10 5 279 12.5 26.7 17.3 3.1 0.0 1.4 16.6 400.0 
clima_RAIMAT 2012 10 6 280 9.7 27.7 16.4 2.9 0.0 0.9 15.7 400.0 
clima_RAIMAT 2012 10 7 281 14.1 28.5 15.9 3.0 0.0 1.0 18.7 400.0 
clima_RAIMAT 2012 10 8 282 13.7 29.2 14.2 2.6 0.0 0.7 19.9 400.0 
clima_RAIMAT 2012 10 9 283 14.0 28.5 17.0 3.5 0.0 1.7 17.9 400.0 
clima_RAIMAT 2012 10 10 284 14.4 27.4 10.9 2.1 5.6 1.1 19.3 400.0 
clima_RAIMAT 2012 10 11 285 15.1 23.6 9.8 1.7 16.8 1.3 19.7 400.0 
clima_RAIMAT 2012 10 12 286 10.8 21.0 14.2 2.4 0.0 1.9 13.9 400.0 
clima_RAIMAT 2012 10 13 287 8.0 19.9 16.2 2.5 0.0 1.4 12.3 400.0 
clima_RAIMAT 2012 10 14 288 6.0 19.1 11.9 1.9 5.2 1.6 11.5 400.0 
clima_RAIMAT 2012 10 15 289 6.1 18.4 16.4 2.3 0.0 2.4 10.0 400.0 
clima_RAIMAT 2012 10 16 290 4.5 18.4 13.8 2.0 0.0 1.1 9.9 400.0 
clima_RAIMAT 2012 10 17 291 11.9 23.1 15.6 2.7 0.0 3.3 13.2 400.0 
clima_RAIMAT 2012 10 18 292 16.5 24.1 7.1 1.9 0.0 5.5 16.7 400.0 
clima_RAIMAT 2012 10 19 293 17.6 22.6 4.3 1.1 7.4 4.1 18.8 400.0 
clima_RAIMAT 2012 10 20 294 13.7 23.3 5.6 1.3 12.7 2.7 18.3 400.0 
clima_RAIMAT 2012 10 21 295 12.5 20.0 9.4 1.5 16.4 2.4 15.7 400.0 
clima_RAIMAT 2012 10 22 296 10.3 20.7 14.4 2.2 0.0 1.4 14.4 400.0 
clima_RAIMAT 2012 10 23 297 8.3 20.2 13.6 2.0 0.0 0.9 14.3 400.0 
clima_RAIMAT 2012 10 24 298 8.6 21.4 12.5 1.9 0.1 1.2 14.5 400.0 
clima_RAIMAT 2012 10 25 299 13.6 17.3 3.3 0.5 8.5 3.4 15.8 400.0 
clima_RAIMAT 2012 10 26 300 10.5 17.1 6.0 0.9 6.7 1.9 14.5 400.0 
clima_RAIMAT 2012 10 27 301 4.9 18.6 11.9 1.9 0.1 3.7 9.5 400.0 
clima_RAIMAT 2012 10 28 302 1.3 12.4 14.6 2.0 0.0 3.9 5.5 400.0 
clima_RAIMAT 2012 10 29 303 -2.4 13.3 14.5 1.6 0.0 0.9 6.7 400.0 
clima_RAIMAT 2012 10 30 304 -0.6 13.4 6.7 1.0 5.5 1.5 7.9 400.0 
clima_RAIMAT 2012 10 31 305 5.9 15.4 12.5 1.7 11.8 2.6 9.7 400.0 
clima_RAIMAT 2012 11 1 306 1.9 18.1 12.9 1.7 0.0 1.7 9.0 400.0 
clima_RAIMAT 2012 11 2 307 3.7 19.1 12.1 1.9 0.0 1.5 10.0 400.0 
clima_RAIMAT 2012 11 3 308 7.6 18.4 7.8 1.2 0.0 0.9 11.7 400.0 
clima_RAIMAT 2012 11 4 309 10.9 15.4 3.3 0.5 4.6 1.7 13.6 400.0 
clima_RAIMAT 2012 11 5 310 6.3 14.3 12.3 1.7 0.0 3.3 8.6 400.0 
clima_RAIMAT 2012 11 6 311 1.0 15.3 10.5 1.5 0.0 1.9 8.0 400.0 
clima_RAIMAT 2012 11 7 312 -0.6 11.5 9.9 1.2 0.0 1.0 7.2 400.0 
clima_RAIMAT 2012 11 8 313 6.1 16.7 7.9 1.2 0.0 1.2 9.3 400.0 
clima_RAIMAT 2012 11 9 314 10.0 14.7 4.2 0.6 15.3 1.6 13.5 400.0 
clima_RAIMAT 2012 11 10 315 8.2 18.2 8.5 1.2 0.4 1.2 13.2 400.0 
clima_RAIMAT 2012 11 11 316 4.3 11.7 6.4 0.8 0.0 1.4 9.1 400.0 
clima_RAIMAT 2012 11 12 317 1.2 13.3 10.4 1.2 0.1 1.1 8.8 400.0 
clima_RAIMAT 2012 11 13 318 0.1 10.1 6.2 0.7 0.1 0.9 7.8 400.0 
clima_RAIMAT 2012 11 14 319 3.8 17.1 9.0 1.2 0.0 0.9 11.3 400.0 
clima_RAIMAT 2012 11 15 320 4.9 17.0 9.5 1.1 0.0 0.9 12.0 400.0 
clima_RAIMAT 2012 11 16 321 5.9 13.1 3.4 0.5 0.2 1.0 11.5 400.0 
clima_RAIMAT 2012 11 17 322 11.4 14.7 3.1 0.4 7.2 2.8 13.8 400.0 
clima_RAIMAT 2012 11 18 323 9.0 15.3 4.9 0.7 0.0 1.1 12.6 400.0 
clima_RAIMAT 2012 11 19 324 4.6 14.4 10.5 1.2 0.0 1.4 10.0 400.0 
clima_RAIMAT 2012 11 20 325 2.4 11.8 5.8 0.6 0.3 0.6 9.8 400.0 
clima_RAIMAT 2012 11 21 326 5.4 11.6 4.9 0.6 0.0 0.9 10.5 400.0 
clima_RAIMAT 2012 11 22 327 5.1 13.9 6.0 0.7 0.1 0.8 10.3 400.0 
clima_RAIMAT 2012 11 23 328 2.5 13.5 7.1 0.7 0.1 0.9 10.2 400.0 
clima_RAIMAT 2012 11 24 329 6.1 15.8 5.7 0.8 0.0 1.5 10.6 400.0 
clima_RAIMAT 2012 11 25 330 7.0 17.0 6.0 0.9 0.0 1.1 12.2 400.0 
clima_RAIMAT 2012 11 26 331 6.1 13.1 2.1 0.3 1.2 1.9 10.9 400.0 
clima_RAIMAT 2012 11 27 332 5.1 10.7 4.5 0.6 0.2 1.9 8.7 400.0 
clima_RAIMAT 2012 11 28 333 4.2 12.2 5.2 0.8 0.0 3.9 7.7 400.0 
clima_RAIMAT 2012 11 29 334 -0.2 12.8 10.0 1.4 0.0 3.2 5.8 400.0 
clima_RAIMAT 2012 11 30 335 -2.9 7.4 9.0 0.8 0.0 1.2 6.0 400.0 
clima_RAIMAT 2012 12 1 336 -5.1 6.5 10.6 0.8 0.3 1.4 5.2 400.0 
clima_RAIMAT 2012 12 2 337 -6.4 9.7 10.5 0.9 0.0 1.7 5.1 400.0 
clima_RAIMAT 2012 12 3 338 1.1 14.4 9.3 1.0 0.0 2.1 8.0 400.0 
clima_RAIMAT 2012 12 4 339 4.3 12.4 9.0 1.2 0.0 4.9 7.4 400.0 
clima_RAIMAT 2012 12 5 340 2.4 10.1 9.4 1.1 0.0 4.9 6.6 400.0 
clima_RAIMAT 2012 12 6 341 -1.4 10.8 8.8 0.9 0.0 1.6 6.6 400.0 
clima_RAIMAT 2012 12 7 342 -2.5 13.3 8.7 0.9 0.0 2.6 6.9 400.0 
clima_RAIMAT 2012 12 8 343 0.6 14.0 9.4 1.3 0.0 3.6 6.3 400.0 
clima_RAIMAT 2012 12 9 344 -4.5 8.3 9.7 0.9 0.0 1.1 5.7 400.0 
clima_RAIMAT 2012 12 10 345 -4.4 7.8 9.0 0.8 0.1 1.2 5.5 400.0 
clima_RAIMAT 2012 12 11 346 -4.9 7.6 8.8 0.8 0.0 1.1 5.5 400.0 
clima_RAIMAT 2012 12 12 347 -4.8 7.7 5.3 0.5 0.0 0.9 5.6 400.0 
clima_RAIMAT 2012 12 13 348 0.2 8.2 4.6 0.5 0.6 0.7 7.3 400.0 
clima_RAIMAT 2012 12 14 349 3.1 10.2 1.7 0.2 3.9 1.1 9.2 400.0 
clima_RAIMAT 2012 12 15 350 3.2 14.6 6.7 0.9 0.2 0.9 9.9 400.0 
clima_RAIMAT 2012 12 16 351 2.2 16.0 7.9 1.0 0.2 1.1 9.8 400.0 
clima_RAIMAT 2012 12 17 352 6.2 13.8 8.4 1.2 0.3 4.4 9.0 400.0 
clima_RAIMAT 2012 12 18 353 1.6 13.8 8.1 0.9 0.0 1.4 8.1 400.0 
clima_RAIMAT 2012 12 19 354 4.2 12.9 4.7 0.6 0.0 0.8 9.5 400.0 
clima_RAIMAT 2012 12 20 355 1.8 12.5 5.4 0.6 0.0 1.6 8.6 400.0 
clima_RAIMAT 2012 12 21 356 5.5 16.0 6.2 0.9 0.0 3.1 9.4 400.0 
clima_RAIMAT 2012 12 22 357 3.1 15.9 7.6 0.9 0.0 0.9 9.4 400.0 
clima_RAIMAT 2012 12 23 358 0.3 12.0 8.5 0.8 0.0 0.9 8.7 400.0 
clima_RAIMAT 2012 12 24 359 -0.2 12.2 6.6 0.6 0.1 0.9 9.0 400.0 
clima_RAIMAT 2012 12 25 360 2.4 11.9 3.5 0.4 0.1 1.1 9.3 400.0 
clima_RAIMAT 2012 12 26 361 3.0 14.3 8.8 1.0 0.0 1.8 9.1 400.0 
clima_RAIMAT 2012 12 27 362 -2.1 13.5 8.2 0.8 0.0 1.1 7.2 400.0 
clima_RAIMAT 2012 12 28 363 -0.3 12.9 8.4 0.9 0.1 1.1 8.4 400.0 
clima_RAIMAT 2012 12 29 364 -1.0 7.2 4.1 0.4 0.2 1.1 7.4 400.0 
clima_RAIMAT 2012 12 30 365 -0.7 10.3 8.4 0.8 0.0 1.4 7.1 400.0 
clima_RAIMAT 2012 12 31 366 -2.4 8.4 6.8 0.6 0.2 0.8 7.2 400.0 
