clima_RAIMAT 2019 1 1 1 0.1 1.9 2.0 0.2 0.0 0.6 6.6 400.0 
clima_RAIMAT 2019 1 2 2 -0.9 4.5 4.5 0.3 0.0 1.1 6.8 400.0 
clima_RAIMAT 2019 1 3 3 -0.7 2.5 3.5 0.3 0.0 0.7 6.1 400.0 
clima_RAIMAT 2019 1 4 4 -1.8 1.4 2.0 0.2 0.0 0.9 5.7 400.0 
clima_RAIMAT 2019 1 5 5 -3.6 2.9 5.3 0.4 0.0 1.1 5.8 400.0 
clima_RAIMAT 2019 1 6 6 -5.0 7.3 6.9 0.5 0.0 0.6 6.2 400.0 
clima_RAIMAT 2019 1 7 7 -3.6 8.0 9.4 0.7 0.0 1.0 6.1 400.0 
clima_RAIMAT 2019 1 8 8 -5.1 7.9 9.5 0.8 0.0 0.9 5.9 400.0 
clima_RAIMAT 2019 1 9 9 -2.5 13.7 9.5 1.0 0.0 2.5 6.9 400.0 
clima_RAIMAT 2019 1 10 10 -4.1 9.7 10.0 1.0 0.0 2.5 4.9 400.0 
clima_RAIMAT 2019 1 11 11 -7.0 8.1 10.2 0.8 0.0 1.5 4.5 400.0 
clima_RAIMAT 2019 1 12 12 -5.0 9.8 9.8 0.9 0.0 1.3 5.8 400.0 
clima_RAIMAT 2019 1 13 13 -3.9 13.1 8.7 0.9 0.0 1.5 7.0 400.0 
clima_RAIMAT 2019 1 14 14 0.9 14.7 9.8 1.1 0.0 1.8 8.7 400.0 
clima_RAIMAT 2019 1 15 15 -2.4 9.2 6.9 0.7 0.0 0.9 7.4 400.0 
clima_RAIMAT 2019 1 16 16 -3.1 6.5 2.7 0.3 0.1 0.8 6.8 400.0 
clima_RAIMAT 2019 1 17 17 2.1 4.2 1.8 0.2 0.2 0.9 7.3 400.0 
clima_RAIMAT 2019 1 18 18 -2.5 3.8 3.2 0.3 0.0 1.1 6.0 400.0 
clima_RAIMAT 2019 1 19 19 -3.9 3.1 3.2 0.3 0.0 0.9 5.7 400.0 
clima_RAIMAT 2019 1 20 20 0.1 10.6 9.8 1.0 1.2 1.2 8.0 400.0 
clima_RAIMAT 2019 1 21 21 0.1 10.1 9.9 0.9 0.0 1.4 7.2 400.0 
clima_RAIMAT 2019 1 22 22 -5.3 6.7 5.5 0.6 0.1 2.1 5.3 400.0 
clima_RAIMAT 2019 1 23 23 2.0 10.3 4.7 0.7 0.3 4.3 7.4 400.0 
clima_RAIMAT 2019 1 24 24 -2.4 10.2 10.4 1.5 0.0 3.0 4.0 400.0 
clima_RAIMAT 2019 1 25 25 -4.1 16.9 11.5 1.7 0.0 2.7 6.7 400.0 
clima_RAIMAT 2019 1 26 26 -0.6 14.2 11.6 1.3 0.0 1.6 8.1 400.0 
clima_RAIMAT 2019 1 27 27 -1.4 12.4 11.8 1.5 0.0 5.1 6.6 400.0 
clima_RAIMAT 2019 1 28 28 3.5 12.4 11.1 1.4 0.0 5.5 7.5 400.0 
clima_RAIMAT 2019 1 29 29 2.9 9.1 3.3 0.5 1.2 2.4 7.7 400.0 
clima_RAIMAT 2019 1 30 30 0.6 10.3 11.7 1.4 0.0 3.4 6.6 400.0 
clima_RAIMAT 2019 1 31 31 1.9 10.3 6.1 0.7 2.6 0.9 8.7 400.0 
clima_RAIMAT 2019 2 1 32 4.1 13.5 9.9 1.2 7.6 2.3 9.2 400.0 
clima_RAIMAT 2019 2 2 33 1.7 9.6 10.5 1.0 0.0 5.4 6.7 400.0 
clima_RAIMAT 2019 2 3 34 -0.3 10.2 13.5 1.9 0.0 4.1 3.9 400.0 
clima_RAIMAT 2019 2 4 35 -2.8 11.2 13.1 1.3 0.0 1.6 5.7 400.0 
clima_RAIMAT 2019 2 5 36 -0.9 15.9 12.8 1.4 0.0 1.1 8.1 400.0 
clima_RAIMAT 2019 2 6 37 -0.4 12.5 7.3 0.8 0.0 0.9 8.9 400.0 
clima_RAIMAT 2019 2 7 38 0.1 13.1 7.9 0.9 0.1 1.0 8.8 400.0 
clima_RAIMAT 2019 2 8 39 -1.8 15.3 13.0 1.5 0.0 0.8 8.2 400.0 
clima_RAIMAT 2019 2 9 40 -0.2 14.6 12.0 1.4 0.0 0.9 8.4 400.0 
clima_RAIMAT 2019 2 10 41 -0.2 16.5 10.8 1.4 0.0 2.3 8.6 400.0 
clima_RAIMAT 2019 2 11 42 1.4 14.8 13.9 1.7 0.0 2.8 7.0 400.0 
clima_RAIMAT 2019 2 12 43 -3.1 13.0 14.7 1.5 0.0 1.1 6.8 400.0 
clima_RAIMAT 2019 2 13 44 -2.8 15.9 14.4 1.7 0.0 1.1 7.3 400.0 
clima_RAIMAT 2019 2 14 45 0.6 15.7 15.2 2.0 0.0 2.0 7.0 400.0 
clima_RAIMAT 2019 2 15 46 -2.6 15.7 14.9 1.8 0.0 0.8 6.9 400.0 
clima_RAIMAT 2019 2 16 47 -2.3 16.8 15.5 2.0 0.0 1.1 6.2 400.0 
clima_RAIMAT 2019 2 17 48 -2.5 17.3 15.9 2.2 0.0 1.9 5.1 400.0 
clima_RAIMAT 2019 2 18 49 2.7 15.8 15.1 1.9 0.0 2.4 7.6 400.0 
clima_RAIMAT 2019 2 19 50 1.8 14.9 15.2 1.9 0.0 1.4 8.5 400.0 
clima_RAIMAT 2019 2 20 51 0.1 14.3 14.4 1.7 0.0 1.2 8.2 400.0 
clima_RAIMAT 2019 2 21 52 -1.0 15.5 15.2 1.8 0.0 0.9 8.5 400.0 
clima_RAIMAT 2019 2 22 53 -0.1 18.2 15.9 1.9 0.0 1.1 9.1 400.0 
clima_RAIMAT 2019 2 23 54 -0.4 17.6 15.3 1.9 0.0 1.3 8.1 400.0 
clima_RAIMAT 2019 2 24 55 3.0 17.7 15.9 2.1 0.0 1.2 7.8 400.0 
clima_RAIMAT 2019 2 25 56 0.2 18.4 16.3 2.1 0.0 1.0 8.0 400.0 
clima_RAIMAT 2019 2 26 57 1.5 20.1 16.9 2.3 0.0 1.0 9.3 400.0 
clima_RAIMAT 2019 2 27 58 1.5 22.3 17.6 2.5 0.0 1.1 9.5 400.0 
clima_RAIMAT 2019 2 28 59 1.7 19.5 16.3 2.3 0.0 1.6 8.7 400.0 
clima_RAIMAT 2019 3 1 60 1.6 17.6 17.3 2.3 0.0 1.6 8.2 400.0 
clima_RAIMAT 2019 3 2 61 1.2 20.4 17.8 2.8 0.0 2.3 8.0 400.0 
clima_RAIMAT 2019 3 3 62 1.8 20.4 16.0 2.3 0.0 1.3 8.4 400.0 
clima_RAIMAT 2019 3 4 63 4.8 20.2 15.2 2.8 0.0 2.1 8.8 400.0 
clima_RAIMAT 2019 3 5 64 8.0 17.6 14.3 2.1 0.0 1.5 10.0 400.0 
clima_RAIMAT 2019 3 6 65 5.6 15.6 4.9 1.1 0.0 3.1 9.3 400.0 
clima_RAIMAT 2019 3 7 66 2.3 15.2 19.8 2.6 0.0 2.6 7.1 400.0 
clima_RAIMAT 2019 3 8 67 0.2 17.3 17.7 2.5 0.0 1.5 7.2 400.0 
clima_RAIMAT 2019 3 9 68 0.6 20.1 18.7 2.6 0.0 1.2 8.5 400.0 
clima_RAIMAT 2019 3 10 69 3.5 22.7 19.3 3.2 0.0 2.9 10.2 400.0 
clima_RAIMAT 2019 3 11 70 4.4 19.4 19.9 3.0 0.0 2.4 7.5 400.0 
clima_RAIMAT 2019 3 12 71 1.0 16.9 17.8 2.5 0.0 1.1 7.7 400.0 
clima_RAIMAT 2019 3 13 72 5.3 16.5 20.4 3.1 0.0 4.8 7.3 400.0 
clima_RAIMAT 2019 3 14 73 3.4 16.5 19.6 2.7 0.0 3.3 7.7 400.0 
clima_RAIMAT 2019 3 15 74 3.7 22.1 20.7 3.1 0.0 2.4 8.8 400.0 
clima_RAIMAT 2019 3 16 75 0.5 22.7 20.9 3.0 0.0 1.1 8.1 400.0 
clima_RAIMAT 2019 3 17 76 3.4 21.4 20.3 3.5 0.0 3.5 7.9 400.0 
clima_RAIMAT 2019 3 18 77 0.2 17.4 21.5 3.0 0.0 2.0 5.5 400.0 
clima_RAIMAT 2019 3 19 78 3.7 17.3 20.1 2.8 0.0 2.1 7.5 400.0 
clima_RAIMAT 2019 3 20 79 -0.4 15.7 22.1 2.9 0.0 1.5 6.2 400.0 
clima_RAIMAT 2019 3 21 80 -0.3 16.5 21.7 2.8 0.0 1.1 6.8 400.0 
clima_RAIMAT 2019 3 22 81 -0.2 19.3 21.1 3.0 0.0 1.1 7.6 400.0 
clima_RAIMAT 2019 3 23 82 2.5 21.5 21.5 3.3 0.0 1.1 8.3 400.0 
clima_RAIMAT 2019 3 24 83 3.6 22.6 21.7 3.4 0.0 1.4 8.1 400.0 
clima_RAIMAT 2019 3 25 84 2.9 20.6 22.0 3.3 0.0 2.1 8.1 400.0 
clima_RAIMAT 2019 3 26 85 0.8 19.4 23.2 3.2 0.0 2.0 7.8 400.0 
clima_RAIMAT 2019 3 27 86 1.1 18.6 23.0 3.1 0.0 1.6 7.3 400.0 
clima_RAIMAT 2019 3 28 87 1.6 18.4 22.7 3.1 0.0 1.9 7.4 400.0 
clima_RAIMAT 2019 3 29 88 6.2 18.5 21.1 3.3 0.0 2.4 7.3 400.0 
clima_RAIMAT 2019 3 30 89 4.1 18.3 23.0 3.3 0.0 1.9 8.5 400.0 
clima_RAIMAT 2019 3 31 90 3.9 13.5 8.8 1.3 0.0 1.6 8.9 400.0 
clima_RAIMAT 2019 4 1 91 8.4 16.3 13.4 2.0 0.3 1.2 10.9 400.0 
clima_RAIMAT 2019 4 2 92 6.0 19.6 20.4 3.1 0.1 1.8 9.7 400.0 
clima_RAIMAT 2019 4 3 93 4.5 12.8 5.5 1.0 0.0 2.6 8.4 400.0 
clima_RAIMAT 2019 4 4 94 1.9 14.4 24.9 3.1 0.0 3.1 5.8 400.0 
clima_RAIMAT 2019 4 5 95 6.0 16.1 14.0 2.1 10.0 2.6 9.1 400.0 
clima_RAIMAT 2019 4 6 96 4.5 14.0 14.7 2.0 6.0 2.0 8.9 400.0 
clima_RAIMAT 2019 4 7 97 4.1 16.0 25.1 3.2 0.0 2.6 9.0 400.0 
clima_RAIMAT 2019 4 8 98 4.8 18.5 21.7 3.1 0.8 1.6 10.3 400.0 
clima_RAIMAT 2019 4 9 99 7.9 18.0 24.8 3.6 1.6 2.9 9.8 400.0 
clima_RAIMAT 2019 4 10 100 5.7 18.5 20.2 3.0 0.0 1.8 10.0 400.0 
clima_RAIMAT 2019 4 11 101 3.8 19.5 24.7 3.9 0.0 2.9 8.5 400.0 
clima_RAIMAT 2019 4 12 102 2.6 20.2 26.1 3.9 0.0 2.2 8.2 400.0 
clima_RAIMAT 2019 4 13 103 1.0 21.7 26.7 4.1 0.0 1.6 7.4 400.0 
clima_RAIMAT 2019 4 14 104 3.9 24.4 23.6 4.4 0.0 2.3 8.5 400.0 
clima_RAIMAT 2019 4 15 105 8.9 18.9 19.6 3.4 1.1 3.7 9.7 400.0 
clima_RAIMAT 2019 4 16 106 6.0 19.7 25.4 3.9 0.0 1.6 9.5 400.0 
clima_RAIMAT 2019 4 17 107 8.5 20.8 21.4 3.6 0.0 3.4 11.0 400.0 
clima_RAIMAT 2019 4 18 108 10.0 18.2 6.5 2.1 0.0 4.6 10.1 400.0 
clima_RAIMAT 2019 4 19 109 13.6 20.6 14.2 3.7 0.0 5.5 8.4 400.0 
clima_RAIMAT 2019 4 20 110 6.4 20.9 14.6 3.5 4.2 3.9 8.6 400.0 
clima_RAIMAT 2019 4 21 111 8.5 15.9 4.4 1.0 2.4 1.3 11.4 400.0 
clima_RAIMAT 2019 4 22 112 9.1 16.0 8.2 1.4 2.2 1.4 12.1 400.0 
clima_RAIMAT 2019 4 23 113 10.0 20.4 16.2 2.7 2.4 1.4 14.7 400.0 
clima_RAIMAT 2019 4 24 114 5.9 17.0 18.0 2.8 0.4 3.0 8.9 400.0 
clima_RAIMAT 2019 4 25 115 5.5 19.6 15.0 2.7 0.5 2.5 10.0 400.0 
clima_RAIMAT 2019 4 26 116 4.6 19.1 27.4 4.1 0.0 3.1 8.5 400.0 
clima_RAIMAT 2019 4 27 117 5.5 22.2 27.8 4.4 0.0 2.6 9.5 400.0 
clima_RAIMAT 2019 4 28 118 6.6 21.5 28.1 4.3 0.0 2.3 9.5 400.0 
clima_RAIMAT 2019 4 29 119 8.9 21.3 27.7 4.3 0.0 2.1 11.8 400.0 
clima_RAIMAT 2019 4 30 120 9.8 22.9 28.0 4.5 0.0 2.0 12.6 400.0 
clima_RAIMAT 2019 5 1 121 10.6 24.4 28.1 4.6 0.0 2.1 12.8 400.0 
clima_RAIMAT 2019 5 2 122 9.4 22.6 24.4 4.1 0.0 1.7 12.2 400.0 
clima_RAIMAT 2019 5 3 123 6.2 13.5 9.3 1.3 3.7 1.2 10.1 400.0 
clima_RAIMAT 2019 5 4 124 3.5 20.7 29.0 4.5 0.0 3.0 9.2 400.0 
clima_RAIMAT 2019 5 5 125 3.6 20.1 30.0 4.6 0.0 2.9 6.4 400.0 
clima_RAIMAT 2019 5 6 126 1.3 21.3 29.5 4.3 0.0 1.6 7.2 400.0 
clima_RAIMAT 2019 5 7 127 8.8 24.8 25.4 4.4 0.0 2.3 12.0 400.0 
clima_RAIMAT 2019 5 8 128 13.6 24.0 17.0 3.3 0.1 2.2 13.7 400.0 
clima_RAIMAT 2019 5 9 129 10.1 23.1 27.1 4.7 0.0 2.4 8.3 400.0 
clima_RAIMAT 2019 5 10 130 14.6 26.8 25.1 4.6 0.7 1.9 15.4 400.0 
clima_RAIMAT 2019 5 11 131 9.5 23.5 29.3 5.4 0.0 3.9 10.9 400.0 
clima_RAIMAT 2019 5 12 132 5.5 25.4 30.7 5.1 0.0 2.2 8.8 400.0 
clima_RAIMAT 2019 5 13 133 4.2 26.1 31.2 5.2 0.0 2.1 9.5 400.0 
clima_RAIMAT 2019 5 14 134 6.1 25.7 30.2 5.1 0.0 1.5 10.8 400.0 
clima_RAIMAT 2019 5 15 135 9.7 26.9 29.2 5.1 0.0 2.6 12.8 400.0 
clima_RAIMAT 2019 5 16 136 10.6 23.2 29.4 4.8 8.4 3.3 11.4 400.0 
clima_RAIMAT 2019 5 17 137 9.5 17.1 13.3 2.2 2.9 3.6 12.1 400.0 
clima_RAIMAT 2019 5 18 138 7.3 18.8 30.0 4.4 0.0 3.6 9.2 400.0 
clima_RAIMAT 2019 5 19 139 8.3 19.5 28.5 4.3 0.0 3.4 10.3 400.0 
clima_RAIMAT 2019 5 20 140 7.3 22.1 31.3 4.9 0.0 2.1 10.0 400.0 
clima_RAIMAT 2019 5 21 141 6.6 24.2 30.8 5.0 0.0 1.6 10.8 400.0 
clima_RAIMAT 2019 5 22 142 6.7 25.1 31.7 5.2 0.0 1.4 10.8 400.0 
clima_RAIMAT 2019 5 23 143 9.3 28.2 26.3 4.8 2.4 1.4 11.9 400.0 
clima_RAIMAT 2019 5 24 144 13.2 16.6 6.4 1.0 33.3 1.4 15.9 400.0 
clima_RAIMAT 2019 5 25 145 11.7 21.9 18.8 3.1 1.2 1.6 14.7 400.0 
clima_RAIMAT 2019 5 26 146 8.9 24.3 30.9 4.9 0.0 2.3 12.6 400.0 
clima_RAIMAT 2019 5 27 147 8.6 25.1 29.3 4.7 0.0 2.5 13.2 400.0 
clima_RAIMAT 2019 5 28 148 10.5 22.4 28.1 4.8 0.0 3.7 10.5 400.0 
clima_RAIMAT 2019 5 29 149 7.7 24.0 31.6 5.3 0.0 2.2 10.1 400.0 
clima_RAIMAT 2019 5 30 150 7.3 27.2 31.4 5.2 0.0 1.4 12.4 400.0 
clima_RAIMAT 2019 5 31 151 14.7 28.1 31.2 5.8 0.0 2.3 13.5 400.0 
clima_RAIMAT 2019 6 1 152 15.0 29.7 31.2 6.0 0.0 1.9 13.2 400.0 
clima_RAIMAT 2019 6 2 153 12.4 30.0 31.5 6.3 0.0 2.1 11.3 400.0 
clima_RAIMAT 2019 6 3 154 15.6 29.5 26.0 5.6 0.0 2.5 11.2 400.0 
clima_RAIMAT 2019 6 4 155 16.5 30.7 29.5 6.1 0.0 3.4 13.1 400.0 
clima_RAIMAT 2019 6 5 156 12.7 20.5 20.3 3.4 0.0 3.4 11.9 400.0 
clima_RAIMAT 2019 6 6 157 7.2 24.9 27.2 4.9 0.0 2.7 10.4 400.0 
clima_RAIMAT 2019 6 7 158 9.3 23.4 30.5 5.2 0.0 3.1 10.4 400.0 
clima_RAIMAT 2019 6 8 159 6.9 26.1 28.9 5.3 0.0 1.7 10.3 400.0 
clima_RAIMAT 2019 6 9 160 14.1 28.9 25.9 4.9 0.0 1.5 10.3 400.0 
clima_RAIMAT 2019 6 10 161 13.4 25.0 30.2 5.4 0.1 2.8 11.8 400.0 
clima_RAIMAT 2019 6 11 162 9.2 19.7 12.7 2.0 8.3 2.1 12.0 400.0 
clima_RAIMAT 2019 6 12 163 5.5 22.9 32.3 5.0 0.0 1.4 9.1 400.0 
clima_RAIMAT 2019 6 13 164 11.9 26.5 24.8 4.7 0.0 2.9 12.0 400.0 
clima_RAIMAT 2019 6 14 165 13.3 27.7 23.5 4.4 0.1 1.6 13.3 400.0 
clima_RAIMAT 2019 6 15 166 12.3 26.3 32.0 5.7 0.0 2.2 13.2 400.0 
clima_RAIMAT 2019 6 16 167 12.8 29.3 30.4 5.5 0.0 1.4 15.5 400.0 
clima_RAIMAT 2019 6 17 168 12.9 32.7 31.2 6.1 0.0 1.5 14.4 400.0 
clima_RAIMAT 2019 6 18 169 18.5 32.0 29.3 6.7 0.0 3.3 11.6 400.0 
clima_RAIMAT 2019 6 19 170 14.9 30.7 31.0 5.9 0.0 1.6 13.3 400.0 
clima_RAIMAT 2019 6 20 171 16.2 29.5 24.5 4.9 0.7 1.9 19.2 400.0 
clima_RAIMAT 2019 6 21 172 15.5 26.8 25.3 4.5 0.4 1.2 18.1 400.0 
clima_RAIMAT 2019 6 22 173 12.2 30.5 29.3 5.2 0.0 1.4 15.0 400.0 
clima_RAIMAT 2019 6 23 174 19.5 34.0 29.3 6.4 0.0 2.4 16.2 400.0 
clima_RAIMAT 2019 6 24 175 16.0 32.6 28.2 6.8 0.0 2.8 13.1 400.0 
clima_RAIMAT 2019 6 25 176 16.0 33.6 30.4 6.3 0.0 2.4 19.1 400.0 
clima_RAIMAT 2019 6 26 177 22.4 35.2 29.3 7.9 0.0 4.1 13.5 400.0 
clima_RAIMAT 2019 6 27 178 18.2 37.6 28.4 6.6 0.0 1.7 17.3 400.0 
clima_RAIMAT 2019 6 28 179 15.0 40.1 31.1 6.5 0.0 1.1 16.9 400.0 
clima_RAIMAT 2019 6 29 180 16.0 40.6 31.0 6.6 0.0 1.3 16.2 400.0 
clima_RAIMAT 2019 6 30 181 19.3 37.1 31.3 7.2 0.0 2.0 14.1 400.0 
clima_RAIMAT 2019 7 1 182 19.0 35.2 30.4 6.8 0.0 2.1 15.4 400.0 
clima_RAIMAT 2019 7 2 183 15.2 32.9 29.4 5.8 0.0 1.5 16.8 400.0 
clima_RAIMAT 2019 7 3 184 19.8 33.8 29.6 6.4 0.0 1.9 16.9 400.0 
clima_RAIMAT 2019 7 4 185 19.2 33.8 28.6 6.2 0.0 1.9 17.0 400.0 
clima_RAIMAT 2019 7 5 186 19.1 35.1 29.7 6.3 0.0 1.6 18.6 400.0 
clima_RAIMAT 2019 7 6 187 17.7 35.6 27.5 5.8 0.0 1.4 19.9 400.0 
clima_RAIMAT 2019 7 7 188 20.0 33.9 23.6 4.9 0.0 1.6 22.4 400.0 
clima_RAIMAT 2019 7 8 189 18.9 29.3 12.2 3.0 1.6 2.4 21.0 400.0 
clima_RAIMAT 2019 7 9 190 15.8 26.2 24.8 4.3 37.7 2.2 18.9 400.0 
clima_RAIMAT 2019 7 10 191 13.6 30.2 30.5 5.5 0.0 1.4 17.9 400.0 
clima_RAIMAT 2019 7 11 192 16.9 33.5 30.5 6.2 0.0 1.4 20.8 400.0 
clima_RAIMAT 2019 7 12 193 18.1 36.4 29.3 6.1 0.0 1.3 21.3 400.0 
clima_RAIMAT 2019 7 13 194 20.0 32.8 21.4 4.6 0.0 1.9 21.7 400.0 
clima_RAIMAT 2019 7 14 195 19.8 28.4 19.5 3.4 0.1 1.9 21.9 400.0 
clima_RAIMAT 2019 7 15 196 14.4 30.4 30.2 5.7 0.0 1.5 17.1 400.0 
clima_RAIMAT 2019 7 16 197 14.1 31.4 30.0 5.7 0.0 1.7 17.7 400.0 
clima_RAIMAT 2019 7 17 198 19.2 29.5 14.6 2.9 0.6 1.5 21.9 400.0 
clima_RAIMAT 2019 7 18 199 18.1 31.8 29.3 5.5 0.0 1.6 20.8 400.0 
clima_RAIMAT 2019 7 19 200 16.5 32.2 28.8 5.8 0.0 1.9 18.6 400.0 
clima_RAIMAT 2019 7 20 201 20.3 35.0 28.0 6.1 0.0 2.7 20.4 400.0 
clima_RAIMAT 2019 7 21 202 21.3 34.4 27.5 6.1 0.0 2.4 19.1 400.0 
clima_RAIMAT 2019 7 22 203 17.4 37.1 28.3 6.5 0.0 2.0 15.6 400.0 
clima_RAIMAT 2019 7 23 204 19.7 37.9 28.1 6.3 0.0 1.7 17.8 400.0 
clima_RAIMAT 2019 7 24 205 16.7 36.9 27.9 6.2 0.0 1.6 18.0 400.0 
clima_RAIMAT 2019 7 25 206 20.7 35.7 28.1 6.5 0.0 2.3 18.0 400.0 
clima_RAIMAT 2019 7 26 207 20.5 28.9 12.3 2.7 1.0 1.6 19.9 400.0 
clima_RAIMAT 2019 7 27 208 16.5 26.9 21.6 4.2 0.9 2.7 18.2 400.0 
clima_RAIMAT 2019 7 28 209 12.8 28.0 30.0 5.6 0.0 2.3 14.1 400.0 
clima_RAIMAT 2019 7 29 210 12.2 33.4 29.1 5.6 0.0 1.1 15.5 400.0 
clima_RAIMAT 2019 7 30 211 16.7 29.4 28.9 5.6 0.0 2.1 15.2 400.0 
clima_RAIMAT 2019 7 31 212 12.7 29.4 27.6 5.2 0.0 1.4 15.2 400.0 
clima_RAIMAT 2019 8 1 213 18.4 32.5 27.8 5.6 0.0 1.4 18.9 400.0 
clima_RAIMAT 2019 8 2 214 16.0 33.5 27.8 5.4 0.0 1.5 19.3 400.0 
clima_RAIMAT 2019 8 3 215 19.0 34.1 27.9 5.9 0.0 1.9 17.7 400.0 
clima_RAIMAT 2019 8 4 216 21.0 34.5 27.2 5.9 0.0 2.1 19.7 400.0 
clima_RAIMAT 2019 8 5 217 20.8 34.4 26.9 5.6 0.0 1.9 19.9 400.0 
clima_RAIMAT 2019 8 6 218 20.6 34.9 25.9 5.3 0.0 1.6 22.3 400.0 
clima_RAIMAT 2019 8 7 219 22.4 30.2 18.8 4.0 0.0 1.6 23.6 400.0 
clima_RAIMAT 2019 8 8 220 19.5 34.6 27.2 5.5 0.0 1.4 23.2 400.0 
clima_RAIMAT 2019 8 9 221 19.4 36.8 27.1 5.8 0.0 1.5 20.1 400.0 
clima_RAIMAT 2019 8 10 222 18.5 32.5 26.3 5.5 0.0 1.7 17.9 400.0 
clima_RAIMAT 2019 8 11 223 20.8 31.7 22.6 4.6 0.0 1.7 21.5 400.0 
clima_RAIMAT 2019 8 12 224 14.6 27.6 26.9 5.3 0.0 2.6 13.0 400.0 
clima_RAIMAT 2019 8 13 225 12.4 27.0 23.3 4.4 0.0 1.7 13.5 400.0 
clima_RAIMAT 2019 8 14 226 9.8 31.3 26.7 5.3 0.0 1.5 13.5 400.0 
clima_RAIMAT 2019 8 15 227 16.7 31.4 25.8 5.3 0.0 1.7 17.7 400.0 
clima_RAIMAT 2019 8 16 228 12.4 32.3 26.2 5.0 0.0 1.2 16.2 400.0 
clima_RAIMAT 2019 8 17 229 20.2 33.9 25.4 5.4 0.0 2.1 23.6 400.0 
clima_RAIMAT 2019 8 18 230 21.0 35.8 23.8 5.1 0.0 2.3 24.8 400.0 
clima_RAIMAT 2019 8 19 231 18.1 28.8 18.6 3.7 0.0 1.4 19.9 400.0 
clima_RAIMAT 2019 8 20 232 16.1 22.3 9.4 1.6 20.3 1.5 20.2 400.0 
clima_RAIMAT 2019 8 21 233 15.9 26.5 18.3 3.4 0.0 0.8 21.4 400.0 
clima_RAIMAT 2019 8 22 234 15.7 29.4 26.0 4.7 0.0 1.4 19.7 400.0 
clima_RAIMAT 2019 8 23 235 15.9 31.2 25.5 4.9 0.0 1.0 20.3 400.0 
clima_RAIMAT 2019 8 24 236 16.9 32.9 25.1 4.9 0.0 1.2 19.8 400.0 
clima_RAIMAT 2019 8 25 237 16.1 32.9 24.5 5.1 0.0 1.5 17.5 400.0 
clima_RAIMAT 2019 8 26 238 15.6 30.2 17.8 3.8 0.0 1.4 17.0 400.0 
clima_RAIMAT 2019 8 27 239 17.1 27.7 18.0 3.5 1.6 1.4 21.4 400.0 
clima_RAIMAT 2019 8 28 240 15.6 30.3 24.4 4.6 0.0 1.1 20.7 400.0 
clima_RAIMAT 2019 8 29 241 18.8 32.2 22.6 4.5 0.0 1.3 21.5 400.0 
clima_RAIMAT 2019 8 30 242 16.6 33.8 24.6 4.8 0.0 1.2 19.5 400.0 
clima_RAIMAT 2019 8 31 243 16.2 32.2 18.5 4.2 0.0 1.6 18.1 400.0 
clima_RAIMAT 2019 9 1 244 19.3 29.8 18.3 3.7 0.1 1.2 20.3 400.0 
clima_RAIMAT 2019 9 2 245 15.1 26.6 24.4 4.5 0.0 1.9 15.5 400.0 
clima_RAIMAT 2019 9 3 246 10.9 27.8 24.5 4.3 0.0 1.4 15.0 400.0 
clima_RAIMAT 2019 9 4 247 12.5 30.2 24.2 4.6 0.0 1.4 16.8 400.0 
clima_RAIMAT 2019 9 5 248 11.1 27.4 23.9 4.6 0.0 1.9 12.9 400.0 
clima_RAIMAT 2019 9 6 249 8.8 25.9 24.0 4.0 0.0 1.4 12.7 400.0 
clima_RAIMAT 2019 9 7 250 6.7 25.2 23.6 3.9 0.0 1.2 12.1 400.0 
clima_RAIMAT 2019 9 8 251 7.4 26.7 23.6 4.0 0.0 1.3 12.4 400.0 
clima_RAIMAT 2019 9 9 252 6.8 25.7 21.5 3.7 0.0 0.8 12.7 400.0 
clima_RAIMAT 2019 9 10 253 13.8 22.8 15.8 2.9 0.6 2.3 13.0 400.0 
clima_RAIMAT 2019 9 11 254 12.7 26.3 15.4 2.9 0.1 1.4 16.3 400.0 
clima_RAIMAT 2019 9 12 255 10.1 28.7 22.1 3.8 0.0 1.1 15.8 400.0 
clima_RAIMAT 2019 9 13 256 10.9 28.3 13.4 2.8 1.8 1.6 16.2 400.0 
clima_RAIMAT 2019 9 14 257 12.2 27.7 16.8 3.1 0.2 1.1 17.9 400.0 
clima_RAIMAT 2019 9 15 258 14.8 31.3 17.9 3.8 0.0 1.7 17.5 400.0 
clima_RAIMAT 2019 9 16 259 13.4 29.8 19.5 3.7 0.0 1.1 16.0 400.0 
clima_RAIMAT 2019 9 17 260 14.3 31.3 19.5 3.8 0.0 1.2 18.3 400.0 
clima_RAIMAT 2019 9 18 261 13.7 30.1 18.2 3.5 0.0 1.3 17.1 400.0 
clima_RAIMAT 2019 9 19 262 15.9 29.5 19.7 3.7 0.0 1.6 18.2 400.0 
clima_RAIMAT 2019 9 20 263 17.3 28.7 17.7 3.7 0.0 2.3 18.0 400.0 
clima_RAIMAT 2019 9 21 264 17.2 27.1 18.2 3.3 4.4 1.9 20.3 400.0 
clima_RAIMAT 2019 9 22 265 13.0 27.5 17.4 3.4 0.1 2.0 17.1 400.0 
clima_RAIMAT 2019 9 23 266 8.6 25.0 17.8 3.2 0.0 0.9 14.1 400.0 
clima_RAIMAT 2019 9 24 267 10.8 29.2 20.2 3.8 0.0 1.2 15.4 400.0 
clima_RAIMAT 2019 9 25 268 12.5 24.7 19.5 3.8 0.0 2.6 12.8 400.0 
clima_RAIMAT 2019 9 26 269 10.3 27.4 19.7 3.4 0.0 1.0 15.0 400.0 
clima_RAIMAT 2019 9 27 270 12.4 29.4 18.5 3.4 0.0 1.1 19.0 400.0 
clima_RAIMAT 2019 9 28 271 14.7 27.1 18.6 3.4 0.0 1.4 19.0 400.0 
clima_RAIMAT 2019 9 29 272 11.8 29.5 17.5 3.3 0.0 0.9 19.5 400.0 
clima_RAIMAT 2019 9 30 273 9.6 29.6 19.0 3.5 0.0 1.0 16.6 400.0 
clima_RAIMAT 2019 10 1 274 11.5 28.7 16.9 3.2 0.0 1.6 16.9 400.0 
clima_RAIMAT 2019 10 2 275 12.5 25.4 18.9 3.8 0.0 3.6 13.1 400.0 
clima_RAIMAT 2019 10 3 276 7.6 24.0 17.4 2.8 0.0 1.5 12.6 400.0 
clima_RAIMAT 2019 10 4 277 5.6 26.4 17.9 3.0 0.0 1.0 12.7 400.0 
clima_RAIMAT 2019 10 5 278 7.6 25.0 18.4 3.0 0.0 1.4 13.3 400.0 
clima_RAIMAT 2019 10 6 279 8.2 24.3 13.0 2.4 0.0 2.1 12.9 400.0 
clima_RAIMAT 2019 10 7 280 9.2 24.9 16.5 2.9 0.0 1.9 11.5 400.0 
clima_RAIMAT 2019 10 8 281 9.0 27.4 17.5 3.2 0.0 1.5 13.4 400.0 
clima_RAIMAT 2019 10 9 282 11.2 25.2 13.2 2.4 0.0 1.6 15.0 400.0 
clima_RAIMAT 2019 10 10 283 7.1 22.3 15.8 2.6 0.0 1.1 12.4 400.0 
clima_RAIMAT 2019 10 11 284 9.7 26.4 13.3 2.5 0.0 1.5 15.9 400.0 
clima_RAIMAT 2019 10 12 285 17.9 27.3 15.4 3.2 0.0 3.2 19.7 400.0 
clima_RAIMAT 2019 10 13 286 18.4 27.5 13.8 2.9 0.0 3.3 19.6 400.0 
clima_RAIMAT 2019 10 14 287 13.2 21.7 6.0 1.3 19.7 3.4 16.3 400.0 
clima_RAIMAT 2019 10 15 288 5.6 18.1 16.9 2.5 0.0 2.8 9.9 400.0 
clima_RAIMAT 2019 10 16 289 5.6 21.2 15.6 2.4 0.0 0.8 11.7 400.0 
clima_RAIMAT 2019 10 17 290 6.1 20.9 13.1 2.0 0.0 1.0 12.4 400.0 
clima_RAIMAT 2019 10 18 291 8.3 22.2 9.1 1.5 0.2 0.9 14.7 400.0 
clima_RAIMAT 2019 10 19 292 10.6 25.0 14.1 2.3 0.0 1.3 15.3 400.0 
clima_RAIMAT 2019 10 20 293 9.6 18.0 4.4 0.8 5.8 1.6 13.4 400.0 
clima_RAIMAT 2019 10 21 294 6.0 16.5 9.7 2.0 0.0 1.0 12.0 400.0 
clima_RAIMAT 2019 10 22 295 8.3 12.9 0.9 0.2 53.2 1.9 12.5 400.0 
clima_RAIMAT 2019 10 23 296 9.4 17.5 8.7 1.2 9.0 1.4 13.7 400.0 
clima_RAIMAT 2019 10 24 297 6.1 17.7 12.6 1.7 0.1 1.7 11.6 400.0 
clima_RAIMAT 2019 10 25 298 5.2 19.8 14.5 2.0 0.0 1.1 12.2 400.0 
clima_RAIMAT 2019 10 26 299 4.8 22.1 14.4 2.1 0.0 0.8 12.5 400.0 
clima_RAIMAT 2019 10 27 300 6.3 20.9 12.6 1.9 0.0 0.9 13.4 400.0 
clima_RAIMAT 2019 10 28 301 8.5 17.8 5.7 0.9 0.0 0.7 13.8 400.0 
clima_RAIMAT 2019 10 29 302 7.6 18.1 7.3 1.0 0.2 0.6 14.2 400.0 
clima_RAIMAT 2019 10 30 303 7.9 16.8 6.0 0.9 0.2 0.4 13.9 400.0 
clima_RAIMAT 2019 10 31 304 7.9 23.3 13.0 2.2 0.0 1.6 14.2 400.0 
clima_RAIMAT 2019 11 1 305 6.5 20.7 10.6 1.6 0.5 0.8 13.1 400.0 
clima_RAIMAT 2019 11 2 306 9.3 21.9 9.7 1.6 2.8 1.1 15.4 400.0 
clima_RAIMAT 2019 11 3 307 6.0 16.4 12.5 2.0 0.4 3.6 9.4 400.0 
clima_RAIMAT 2019 11 4 308 5.1 21.7 10.4 1.9 1.3 1.9 11.8 400.0 
clima_RAIMAT 2019 11 5 309 7.7 15.6 11.5 1.7 0.0 3.6 9.9 400.0 
clima_RAIMAT 2019 11 6 310 3.9 15.9 12.8 1.8 0.0 3.5 9.1 400.0 
clima_RAIMAT 2019 11 7 311 4.6 14.4 7.7 1.1 0.1 1.9 9.5 400.0 
clima_RAIMAT 2019 11 8 312 3.6 12.2 9.6 1.3 0.0 4.4 8.0 400.0 
clima_RAIMAT 2019 11 9 313 4.8 14.4 10.6 1.4 0.0 3.1 9.0 400.0 
clima_RAIMAT 2019 11 10 314 0.4 11.3 12.0 1.3 0.0 3.8 7.0 400.0 
clima_RAIMAT 2019 11 11 315 0.8 12.4 8.6 1.1 0.0 1.9 7.9 400.0 
clima_RAIMAT 2019 11 12 316 2.1 14.1 12.0 1.5 0.0 2.9 8.0 400.0 
clima_RAIMAT 2019 11 13 317 3.4 14.2 7.3 0.9 3.2 1.6 9.4 400.0 
clima_RAIMAT 2019 11 14 318 1.1 10.4 6.2 0.8 3.2 2.1 7.7 400.0 
clima_RAIMAT 2019 11 15 319 -1.8 9.0 5.8 0.7 0.0 1.4 6.7 400.0 
clima_RAIMAT 2019 11 16 320 -2.5 7.2 7.2 0.7 0.0 1.7 6.4 400.0 
clima_RAIMAT 2019 11 17 321 2.2 11.9 6.6 0.9 0.0 1.9 8.0 400.0 
clima_RAIMAT 2019 11 18 322 -0.7 11.5 6.3 0.7 0.0 1.3 7.5 400.0 
clima_RAIMAT 2019 11 19 323 -4.4 9.8 11.4 1.0 0.0 1.1 6.2 400.0 
clima_RAIMAT 2019 11 20 324 -2.4 11.4 8.8 0.9 0.0 1.1 6.9 400.0 
clima_RAIMAT 2019 11 21 325 0.4 12.7 8.4 0.9 0.0 0.8 8.3 400.0 
clima_RAIMAT 2019 11 22 326 2.5 13.2 3.5 0.6 5.4 2.4 9.3 400.0 
clima_RAIMAT 2019 11 23 327 5.4 11.3 5.7 0.7 0.4 3.8 8.9 400.0 
clima_RAIMAT 2019 11 24 328 3.5 13.4 9.6 1.2 0.0 3.2 8.3 400.0 
clima_RAIMAT 2019 11 25 329 1.8 15.3 9.1 1.1 0.4 1.1 9.7 400.0 
clima_RAIMAT 2019 11 26 330 2.0 15.5 7.5 0.9 0.2 0.8 10.3 400.0 
clima_RAIMAT 2019 11 27 331 3.2 16.4 8.3 1.2 0.0 1.9 9.7 400.0 
clima_RAIMAT 2019 11 28 332 2.1 17.0 8.0 1.1 0.0 1.2 9.8 400.0 
clima_RAIMAT 2019 11 29 333 2.9 17.9 9.7 1.4 0.0 2.0 9.7 400.0 
clima_RAIMAT 2019 11 30 334 2.9 16.0 6.5 0.8 0.0 1.2 10.0 400.0 
clima_RAIMAT 2019 12 1 335 2.0 13.2 9.8 1.1 0.4 1.0 9.2 400.0 
clima_RAIMAT 2019 12 2 336 -0.7 12.0 9.4 0.9 0.0 1.1 8.2 400.0 
clima_RAIMAT 2019 12 3 337 -0.2 6.7 4.3 0.5 0.0 0.9 7.0 400.0 
clima_RAIMAT 2019 12 4 338 1.2 10.9 1.5 0.2 10.6 1.7 8.7 400.0 
clima_RAIMAT 2019 12 5 339 7.2 10.6 2.7 0.4 9.7 1.5 10.8 400.0 
clima_RAIMAT 2019 12 6 340 2.7 13.3 8.5 0.9 0.0 0.8 10.0 400.0 
clima_RAIMAT 2019 12 7 341 1.9 6.9 2.2 0.3 0.4 0.5 8.4 400.0 
clima_RAIMAT 2019 12 8 342 4.9 6.9 2.2 0.3 0.3 0.9 9.2 400.0 
clima_RAIMAT 2019 12 9 343 1.0 13.1 9.2 1.2 0.0 4.4 7.6 400.0 
clima_RAIMAT 2019 12 10 344 1.9 12.6 6.4 0.7 0.0 1.9 8.1 400.0 
clima_RAIMAT 2019 12 11 345 -0.1 11.7 6.1 0.6 0.3 2.8 7.6 400.0 
clima_RAIMAT 2019 12 12 346 5.4 11.1 4.6 0.8 3.0 2.7 8.6 400.0 
clima_RAIMAT 2019 12 13 347 5.9 16.9 8.6 1.2 0.7 5.3 10.8 400.0 
clima_RAIMAT 2019 12 14 348 3.3 15.9 7.4 1.2 0.0 3.1 8.6 400.0 
clima_RAIMAT 2019 12 15 349 1.1 15.0 9.0 1.0 0.0 1.0 8.9 400.0 
clima_RAIMAT 2019 12 16 350 7.2 12.0 2.4 0.5 0.0 4.9 9.6 400.0 
clima_RAIMAT 2019 12 17 351 10.9 17.3 4.8 0.8 0.0 4.3 12.4 400.0 
clima_RAIMAT 2019 12 18 352 5.1 15.8 6.1 0.7 0.0 1.0 11.5 400.0 
clima_RAIMAT 2019 12 19 353 5.8 15.1 5.0 0.7 1.3 3.4 11.0 400.0 
clima_RAIMAT 2019 12 20 354 10.0 14.9 4.4 0.7 11.2 2.9 11.8 400.0 
clima_RAIMAT 2019 12 21 355 7.4 13.7 4.3 0.5 7.2 2.1 11.3 400.0 
clima_RAIMAT 2019 12 22 356 8.9 14.5 6.4 1.1 0.3 4.1 9.5 400.0 
clima_RAIMAT 2019 12 23 357 4.5 14.0 8.2 1.2 0.0 3.9 7.7 400.0 
clima_RAIMAT 2019 12 24 358 1.5 14.8 7.9 0.9 0.0 0.9 9.4 400.0 
clima_RAIMAT 2019 12 25 359 0.8 7.8 2.7 0.3 0.3 0.5 8.3 400.0 
clima_RAIMAT 2019 12 26 360 3.4 9.4 3.8 0.4 0.3 0.8 9.6 400.0 
clima_RAIMAT 2019 12 27 361 4.4 6.3 2.5 0.3 0.0 0.9 8.5 400.0 
clima_RAIMAT 2019 12 28 362 2.9 4.6 1.3 0.2 0.0 0.6 7.8 400.0 
clima_RAIMAT 2019 12 29 363 2.5 4.5 1.7 0.2 0.1 0.6 7.8 400.0 
clima_RAIMAT 2019 12 30 364 3.1 5.3 2.1 0.2 0.2 1.1 8.2 400.0 
clima_RAIMAT 2019 12 31 365 3.2 4.6 1.2 0.2 0.0 0.8 7.7 400.0 
