clima_RAIMAT 2011 1 1 1 5.8 9.5 1.7 0.3 0.0 0.6 9.5 400.0 
clima_RAIMAT 2011 1 2 2 0.3 12.1 7.5 0.8 0.0 1.1 7.9 400.0 
clima_RAIMAT 2011 1 3 3 -4.6 5.0 6.8 0.6 0.0 1.2 5.3 400.0 
clima_RAIMAT 2011 1 4 4 -5.2 7.3 8.1 0.7 0.1 0.9 5.5 400.0 
clima_RAIMAT 2011 1 5 5 1.4 9.6 3.9 0.4 2.3 0.6 8.2 400.0 
clima_RAIMAT 2011 1 6 6 4.3 11.4 3.0 0.4 0.1 0.7 10.1 400.0 
clima_RAIMAT 2011 1 7 7 3.1 17.3 6.5 0.8 0.0 0.8 11.3 400.0 
clima_RAIMAT 2011 1 8 8 1.6 16.5 8.3 1.0 0.3 1.2 9.1 400.0 
clima_RAIMAT 2011 1 9 9 2.0 13.0 5.4 0.6 1.2 1.4 8.8 400.0 
clima_RAIMAT 2011 1 10 10 -1.4 10.0 8.4 0.8 0.1 0.6 7.5 400.0 
clima_RAIMAT 2011 1 11 11 -0.7 14.9 9.3 1.0 0.0 3.0 8.0 400.0 
clima_RAIMAT 2011 1 12 12 1.6 14.6 7.0 0.9 0.0 1.4 8.6 400.0 
clima_RAIMAT 2011 1 13 13 -0.1 11.1 7.2 0.8 0.0 0.9 8.4 400.0 
clima_RAIMAT 2011 1 14 14 -0.3 7.9 5.0 0.5 0.4 0.5 7.8 400.0 
clima_RAIMAT 2011 1 15 15 3.0 5.7 2.4 0.3 0.3 0.6 8.2 400.0 
clima_RAIMAT 2011 1 16 16 1.1 5.0 3.5 0.4 0.4 0.5 7.5 400.0 
clima_RAIMAT 2011 1 17 17 1.0 2.5 2.3 0.3 0.3 0.6 6.9 400.0 
clima_RAIMAT 2011 1 18 18 1.2 2.7 1.6 0.2 0.2 0.4 7.0 400.0 
clima_RAIMAT 2011 1 19 19 2.1 5.9 2.8 0.3 0.0 0.4 7.9 400.0 
clima_RAIMAT 2011 1 20 20 -1.0 8.7 2.5 0.3 0.1 1.3 7.6 400.0 
clima_RAIMAT 2011 1 21 21 -4.4 7.8 11.9 1.2 0.0 3.1 4.3 400.0 
clima_RAIMAT 2011 1 22 22 -7.9 6.7 11.2 1.0 0.0 2.1 3.7 400.0 
clima_RAIMAT 2011 1 23 23 -9.7 3.6 11.4 0.9 0.0 1.0 3.6 400.0 
clima_RAIMAT 2011 1 24 24 -9.1 4.3 11.8 1.0 0.0 0.8 3.9 400.0 
clima_RAIMAT 2011 1 25 25 -8.6 5.5 11.8 0.9 0.0 1.0 4.3 400.0 
clima_RAIMAT 2011 1 26 26 -8.7 5.8 12.0 1.0 0.0 0.9 4.3 400.0 
clima_RAIMAT 2011 1 27 27 -1.7 9.1 5.1 0.8 0.0 2.1 5.6 400.0 
clima_RAIMAT 2011 1 28 28 0.1 8.3 3.1 0.5 3.1 2.4 6.8 400.0 
clima_RAIMAT 2011 1 29 29 -0.4 10.3 8.5 0.9 0.0 2.1 7.3 400.0 
clima_RAIMAT 2011 1 30 30 -1.4 7.6 4.5 0.5 0.0 0.6 6.9 400.0 
clima_RAIMAT 2011 1 31 31 -1.4 9.5 9.5 1.0 0.0 1.7 6.6 400.0 
clima_RAIMAT 2011 2 1 32 -4.8 10.3 12.1 1.2 0.0 2.1 5.6 400.0 
clima_RAIMAT 2011 2 2 33 -4.3 14.2 12.7 1.4 0.0 1.8 5.6 400.0 
clima_RAIMAT 2011 2 3 34 -4.7 12.7 10.9 1.1 0.0 1.2 6.2 400.0 
clima_RAIMAT 2011 2 4 35 -3.9 12.3 12.3 1.3 0.0 1.1 6.7 400.0 
clima_RAIMAT 2011 2 5 36 -2.5 13.8 12.3 1.4 0.0 0.7 7.3 400.0 
clima_RAIMAT 2011 2 6 37 -3.1 15.5 12.4 1.5 0.0 0.8 7.5 400.0 
clima_RAIMAT 2011 2 7 38 -2.8 16.8 12.3 1.5 0.0 0.9 7.3 400.0 
clima_RAIMAT 2011 2 8 39 -1.8 13.1 9.2 1.0 0.0 0.9 7.8 400.0 
clima_RAIMAT 2011 2 9 40 -3.4 12.3 8.0 0.8 0.2 0.9 7.4 400.0 
clima_RAIMAT 2011 2 10 41 -4.0 14.1 12.6 1.4 0.0 0.8 7.2 400.0 
clima_RAIMAT 2011 2 11 42 -2.5 14.0 9.3 1.1 0.1 0.8 7.9 400.0 
clima_RAIMAT 2011 2 12 43 -0.7 12.7 9.6 1.1 0.1 0.9 8.3 400.0 
clima_RAIMAT 2011 2 13 44 0.0 14.8 8.9 1.1 0.4 0.8 8.0 400.0 
clima_RAIMAT 2011 2 14 45 3.7 12.6 11.8 1.5 0.5 2.7 7.7 400.0 
clima_RAIMAT 2011 2 15 46 2.0 8.7 4.7 0.6 1.9 0.9 7.4 400.0 
clima_RAIMAT 2011 2 16 47 0.9 12.6 11.9 1.4 0.0 1.7 7.1 400.0 
clima_RAIMAT 2011 2 17 48 2.9 10.2 4.6 0.6 2.3 2.0 7.9 400.0 
clima_RAIMAT 2011 2 18 49 -2.1 15.4 15.0 1.8 0.0 1.4 7.0 400.0 
clima_RAIMAT 2011 2 19 50 -0.1 10.4 4.5 0.6 3.4 0.9 7.5 400.0 
clima_RAIMAT 2011 2 20 51 4.5 15.2 12.7 1.6 0.1 1.9 9.0 400.0 
clima_RAIMAT 2011 2 21 52 5.8 12.7 9.9 1.5 0.0 3.8 8.2 400.0 
clima_RAIMAT 2011 2 22 53 8.4 16.4 12.0 2.1 0.0 6.1 9.1 400.0 
clima_RAIMAT 2011 2 23 54 6.4 19.6 13.3 1.9 0.0 2.1 10.5 400.0 
clima_RAIMAT 2011 2 24 55 2.4 17.7 15.4 2.0 0.0 1.5 8.9 400.0 
clima_RAIMAT 2011 2 25 56 2.7 17.6 15.6 2.0 0.0 1.4 9.3 400.0 
clima_RAIMAT 2011 2 26 57 2.9 19.6 12.2 2.0 0.0 2.3 8.9 400.0 
clima_RAIMAT 2011 2 27 58 3.5 14.7 16.3 2.7 0.0 4.6 5.7 400.0 
clima_RAIMAT 2011 2 28 59 1.7 13.5 13.6 1.9 0.0 2.7 5.9 400.0 
clima_RAIMAT 2011 3 1 60 -2.9 13.8 17.3 2.3 0.0 2.3 5.0 400.0 
clima_RAIMAT 2011 3 2 61 -1.3 13.6 14.9 1.9 0.0 1.8 5.9 400.0 
clima_RAIMAT 2011 3 3 62 -1.1 8.9 10.5 1.4 2.6 2.1 6.1 400.0 
clima_RAIMAT 2011 3 4 63 4.3 12.2 11.4 1.5 8.1 2.5 8.5 400.0 
clima_RAIMAT 2011 3 5 64 1.5 13.9 16.5 2.1 0.0 1.0 8.0 400.0 
clima_RAIMAT 2011 3 6 65 -0.4 15.4 17.9 2.2 0.0 1.1 7.8 400.0 
clima_RAIMAT 2011 3 7 66 -0.8 17.7 17.9 2.6 0.0 1.8 7.0 400.0 
clima_RAIMAT 2011 3 8 67 5.8 13.4 9.1 1.6 0.0 3.9 8.0 400.0 
clima_RAIMAT 2011 3 9 68 2.3 14.3 15.6 2.0 0.0 1.4 8.1 400.0 
clima_RAIMAT 2011 3 10 69 0.6 16.9 17.5 2.4 0.0 0.9 8.6 400.0 
clima_RAIMAT 2011 3 11 70 1.5 18.2 16.1 2.5 2.9 2.4 8.9 400.0 
clima_RAIMAT 2011 3 12 71 7.5 10.6 3.2 0.5 20.3 4.5 10.6 400.0 
clima_RAIMAT 2011 3 13 72 5.9 17.9 17.7 2.4 0.1 1.8 10.9 400.0 
clima_RAIMAT 2011 3 14 73 9.4 13.2 6.6 1.0 0.7 5.1 10.6 400.0 
clima_RAIMAT 2011 3 15 74 8.8 12.6 2.8 0.5 37.9 3.6 11.7 400.0 
clima_RAIMAT 2011 3 16 75 7.4 14.2 7.6 1.1 1.5 1.1 11.6 400.0 
clima_RAIMAT 2011 3 17 76 7.2 16.8 13.6 2.2 0.0 3.3 10.1 400.0 
clima_RAIMAT 2011 3 18 77 3.0 17.9 20.8 2.7 0.0 2.1 9.4 400.0 
clima_RAIMAT 2011 3 19 78 3.1 19.0 20.6 2.7 0.0 1.9 9.3 400.0 
clima_RAIMAT 2011 3 20 79 1.9 16.8 21.1 2.7 0.0 1.4 8.9 400.0 
clima_RAIMAT 2011 3 21 80 7.0 16.7 17.8 2.5 0.0 1.7 9.3 400.0 
clima_RAIMAT 2011 3 22 81 5.5 13.8 10.8 1.6 5.4 2.6 8.9 400.0 
clima_RAIMAT 2011 3 23 82 4.4 16.6 20.6 2.9 0.0 3.6 7.5 400.0 
clima_RAIMAT 2011 3 24 83 5.0 16.6 14.2 2.3 0.0 2.8 8.2 400.0 
clima_RAIMAT 2011 3 25 84 7.4 18.0 18.8 2.7 0.0 1.2 10.4 400.0 
clima_RAIMAT 2011 3 26 85 6.0 20.1 18.7 2.9 0.0 1.3 11.6 400.0 
clima_RAIMAT 2011 3 27 86 8.2 18.0 19.2 2.8 0.2 2.5 11.0 400.0 
clima_RAIMAT 2011 3 28 87 6.2 17.7 18.7 2.7 0.0 3.1 9.6 400.0 
clima_RAIMAT 2011 3 29 88 7.3 19.4 20.3 3.2 0.0 2.7 10.0 400.0 
clima_RAIMAT 2011 3 30 89 7.9 17.7 20.3 2.8 2.6 2.0 10.8 400.0 
clima_RAIMAT 2011 3 31 90 6.3 23.3 22.1 3.4 0.0 1.1 12.4 400.0 
clima_RAIMAT 2011 4 1 91 9.1 25.4 22.4 3.7 0.0 1.4 13.0 400.0 
clima_RAIMAT 2011 4 2 92 12.1 25.6 21.8 4.2 0.0 3.1 11.5 400.0 
clima_RAIMAT 2011 4 3 93 12.3 21.5 11.0 2.2 0.4 2.6 12.9 400.0 
clima_RAIMAT 2011 4 4 94 9.6 20.0 17.7 2.6 0.0 1.8 13.5 400.0 
clima_RAIMAT 2011 4 5 95 7.0 25.1 22.6 3.6 0.0 1.0 13.3 400.0 
clima_RAIMAT 2011 4 6 96 9.2 26.6 23.4 4.2 0.0 1.7 12.9 400.0 
clima_RAIMAT 2011 4 7 97 7.7 27.3 23.7 4.2 0.0 1.0 11.8 400.0 
clima_RAIMAT 2011 4 8 98 8.2 28.9 24.4 4.3 0.0 1.0 13.0 400.0 
clima_RAIMAT 2011 4 9 99 8.9 31.0 23.4 4.6 0.0 1.4 13.5 400.0 
clima_RAIMAT 2011 4 10 100 10.4 23.8 23.3 4.2 0.0 3.1 12.1 400.0 
clima_RAIMAT 2011 4 11 101 7.9 23.9 24.2 4.1 0.0 2.3 12.1 400.0 
clima_RAIMAT 2011 4 12 102 6.4 24.0 24.4 4.1 0.0 2.5 11.4 400.0 
clima_RAIMAT 2011 4 13 103 4.9 21.2 24.6 3.6 0.0 1.4 10.1 400.0 
clima_RAIMAT 2011 4 14 104 8.2 22.3 19.8 3.3 0.0 1.8 12.5 400.0 
clima_RAIMAT 2011 4 15 105 6.5 20.4 24.1 3.7 0.0 2.1 9.4 400.0 
clima_RAIMAT 2011 4 16 106 9.0 20.3 20.4 3.5 0.5 1.9 10.7 400.0 
clima_RAIMAT 2011 4 17 107 8.4 21.4 23.1 4.1 0.0 2.1 8.8 400.0 
clima_RAIMAT 2011 4 18 108 9.0 21.1 26.1 4.6 0.0 2.7 8.2 400.0 
clima_RAIMAT 2011 4 19 109 8.5 18.8 15.2 2.8 0.0 2.4 9.7 400.0 
clima_RAIMAT 2011 4 20 110 8.9 20.0 15.9 2.9 0.0 3.4 11.2 400.0 
clima_RAIMAT 2011 4 21 111 8.4 21.6 20.5 3.5 1.3 3.1 10.6 400.0 
clima_RAIMAT 2011 4 22 112 11.0 14.9 6.4 1.2 12.2 1.9 11.9 400.0 
clima_RAIMAT 2011 4 23 113 11.3 19.3 16.4 2.6 1.5 1.3 14.6 400.0 
clima_RAIMAT 2011 4 24 114 9.8 20.3 18.7 3.0 5.3 1.4 13.7 400.0 
clima_RAIMAT 2011 4 25 115 10.3 21.4 16.3 2.7 3.5 1.6 15.1 400.0 
clima_RAIMAT 2011 4 26 116 9.4 24.8 23.7 4.0 0.0 2.0 13.8 400.0 
clima_RAIMAT 2011 4 27 117 6.7 24.0 27.1 4.5 0.0 1.9 11.5 400.0 
clima_RAIMAT 2011 4 28 118 8.4 22.8 25.6 4.2 0.0 2.5 11.9 400.0 
clima_RAIMAT 2011 4 29 119 10.8 20.9 20.5 3.5 0.0 2.2 12.4 400.0 
clima_RAIMAT 2011 4 30 120 6.9 22.1 26.7 4.5 0.0 2.0 11.1 400.0 
clima_RAIMAT 2011 5 1 121 11.4 23.2 22.6 3.9 0.0 2.3 13.2 400.0 
clima_RAIMAT 2011 5 2 122 9.2 23.3 25.1 4.2 0.6 1.6 12.0 400.0 
clima_RAIMAT 2011 5 3 123 8.3 25.6 27.2 4.8 0.0 2.0 12.9 400.0 
clima_RAIMAT 2011 5 4 124 8.7 25.4 28.5 5.0 0.0 2.0 11.1 400.0 
clima_RAIMAT 2011 5 5 125 13.1 24.7 19.6 3.9 0.6 2.3 13.5 400.0 
clima_RAIMAT 2011 5 6 126 13.8 24.8 25.7 5.2 0.0 4.1 11.0 400.0 
clima_RAIMAT 2011 5 7 127 12.0 19.0 4.7 1.5 30.3 4.4 13.2 400.0 
clima_RAIMAT 2011 5 8 128 8.7 24.0 28.2 4.5 0.0 1.2 14.3 400.0 
clima_RAIMAT 2011 5 9 129 10.6 26.5 27.7 5.0 0.0 1.3 15.6 400.0 
clima_RAIMAT 2011 5 10 130 12.9 25.0 28.4 5.0 0.0 1.8 14.9 400.0 
clima_RAIMAT 2011 5 11 131 10.1 26.7 28.4 5.2 0.0 1.4 14.2 400.0 
clima_RAIMAT 2011 5 12 132 11.1 26.8 24.9 4.5 1.5 1.0 15.8 400.0 
clima_RAIMAT 2011 5 13 133 13.9 25.5 20.8 3.8 0.0 1.4 16.1 400.0 
clima_RAIMAT 2011 5 14 134 11.8 26.9 24.6 4.7 0.0 2.4 14.4 400.0 
clima_RAIMAT 2011 5 15 135 7.3 23.9 30.2 5.0 0.0 2.1 9.4 400.0 
clima_RAIMAT 2011 5 16 136 5.9 23.8 29.7 4.7 0.0 1.1 10.8 400.0 
clima_RAIMAT 2011 5 17 137 11.0 26.4 28.7 5.2 0.0 1.5 13.4 400.0 
clima_RAIMAT 2011 5 18 138 9.7 26.5 27.3 5.4 0.0 2.0 10.8 400.0 
clima_RAIMAT 2011 5 19 139 10.9 24.1 25.2 4.5 0.0 1.9 12.8 400.0 
clima_RAIMAT 2011 5 20 140 9.5 26.7 26.8 5.0 0.0 1.3 11.6 400.0 
clima_RAIMAT 2011 5 21 141 9.8 27.7 29.1 5.3 0.0 1.3 12.1 400.0 
clima_RAIMAT 2011 5 22 142 12.6 29.4 28.5 5.4 0.0 1.3 11.7 400.0 
clima_RAIMAT 2011 5 23 143 12.8 29.9 30.2 5.4 0.0 1.4 15.2 400.0 
clima_RAIMAT 2011 5 24 144 13.8 31.7 29.3 5.5 0.0 1.6 14.1 400.0 
clima_RAIMAT 2011 5 25 145 12.1 32.3 30.3 5.7 0.0 1.5 13.6 400.0 
clima_RAIMAT 2011 5 26 146 14.3 31.6 24.2 4.9 1.8 1.4 17.6 400.0 
clima_RAIMAT 2011 5 27 147 14.3 24.6 21.8 3.8 0.0 2.1 15.4 400.0 
clima_RAIMAT 2011 5 28 148 9.8 26.1 28.6 4.8 0.0 1.4 12.3 400.0 
clima_RAIMAT 2011 5 29 149 14.0 28.4 25.0 4.8 0.1 1.9 17.9 400.0 
clima_RAIMAT 2011 5 30 150 13.8 23.8 11.4 2.1 12.0 1.6 18.6 400.0 
clima_RAIMAT 2011 5 31 151 11.9 25.0 23.7 4.2 0.1 2.4 15.1 400.0 
clima_RAIMAT 2011 6 1 152 9.0 23.7 30.0 5.0 0.0 2.0 9.5 400.0 
clima_RAIMAT 2011 6 2 153 8.5 23.4 25.6 4.3 0.0 1.7 11.4 400.0 
clima_RAIMAT 2011 6 3 154 8.2 21.8 19.7 3.2 2.0 1.1 13.6 400.0 
clima_RAIMAT 2011 6 4 155 11.5 19.9 12.8 2.2 5.3 1.1 15.0 400.0 
clima_RAIMAT 2011 6 5 156 10.1 24.5 26.1 4.4 0.0 1.3 14.8 400.0 
clima_RAIMAT 2011 6 6 157 13.2 24.4 24.4 4.4 3.5 2.4 15.4 400.0 
clima_RAIMAT 2011 6 7 158 12.5 20.6 13.4 2.3 12.6 1.6 15.8 400.0 
clima_RAIMAT 2011 6 8 159 11.7 22.7 29.9 5.1 0.0 2.4 11.6 400.0 
clima_RAIMAT 2011 6 9 160 12.0 26.2 27.1 4.8 0.0 1.3 13.7 400.0 
clima_RAIMAT 2011 6 10 161 14.0 24.8 19.9 3.6 1.2 2.0 15.3 400.0 
clima_RAIMAT 2011 6 11 162 9.1 24.4 25.1 4.4 0.0 1.6 12.0 400.0 
clima_RAIMAT 2011 6 12 163 14.7 29.4 28.2 5.2 0.0 1.4 17.0 400.0 
clima_RAIMAT 2011 6 13 164 18.2 30.3 28.2 5.2 0.0 1.9 19.7 400.0 
clima_RAIMAT 2011 6 14 165 15.7 30.1 28.9 5.7 0.0 1.7 17.0 400.0 
clima_RAIMAT 2011 6 15 166 18.4 30.8 28.9 5.8 0.0 2.1 16.4 400.0 
clima_RAIMAT 2011 6 16 167 16.5 31.2 26.6 5.0 0.0 1.4 18.0 400.0 
clima_RAIMAT 2011 6 17 168 16.5 30.6 23.5 4.7 0.0 1.4 18.3 400.0 
clima_RAIMAT 2011 6 18 169 16.3 25.4 28.6 5.6 0.0 3.3 13.3 400.0 
clima_RAIMAT 2011 6 19 170 9.6 28.9 30.5 5.4 0.0 1.6 12.0 400.0 
clima_RAIMAT 2011 6 20 171 16.7 30.7 29.2 5.7 0.0 2.1 20.5 400.0 
clima_RAIMAT 2011 6 21 172 18.2 31.6 26.4 5.5 0.0 2.5 19.5 400.0 
clima_RAIMAT 2011 6 22 173 17.8 32.7 29.4 6.2 0.0 2.1 15.7 400.0 
clima_RAIMAT 2011 6 23 174 16.1 28.6 25.0 4.6 0.0 1.3 15.9 400.0 
clima_RAIMAT 2011 6 24 175 12.9 31.7 30.2 5.3 0.0 1.5 15.6 400.0 
clima_RAIMAT 2011 6 25 176 17.3 34.5 30.9 5.7 0.0 1.4 19.4 400.0 
clima_RAIMAT 2011 6 26 177 19.6 34.1 30.8 6.9 0.0 2.3 15.9 400.0 
clima_RAIMAT 2011 6 27 178 18.0 33.6 30.2 6.7 0.0 2.1 14.6 400.0 
clima_RAIMAT 2011 6 28 179 16.7 36.0 29.3 6.2 0.0 1.7 16.1 400.0 
clima_RAIMAT 2011 6 29 180 14.8 28.6 28.9 5.4 0.0 2.5 15.0 400.0 
clima_RAIMAT 2011 6 30 181 11.4 28.8 30.0 5.1 0.0 1.5 13.2 400.0 
clima_RAIMAT 2011 7 1 182 13.7 30.0 30.6 5.4 0.0 1.4 14.9 400.0 
clima_RAIMAT 2011 7 2 183 19.0 34.0 29.6 5.9 0.0 1.8 19.7 400.0 
clima_RAIMAT 2011 7 3 184 19.2 30.7 17.9 4.1 0.7 2.6 21.8 400.0 
clima_RAIMAT 2011 7 4 185 17.0 28.9 26.1 4.9 0.4 1.9 19.3 400.0 
clima_RAIMAT 2011 7 5 186 17.0 33.4 30.2 5.8 0.0 1.6 19.9 400.0 
clima_RAIMAT 2011 7 6 187 18.2 32.8 29.6 5.6 0.0 1.9 19.9 400.0 
clima_RAIMAT 2011 7 7 188 18.6 29.7 27.4 5.2 0.0 1.6 18.1 400.0 
clima_RAIMAT 2011 7 8 189 14.6 30.6 30.4 5.5 0.0 1.4 14.0 400.0 
clima_RAIMAT 2011 7 9 190 17.3 31.2 29.1 6.0 0.0 2.5 17.3 400.0 
clima_RAIMAT 2011 7 10 191 17.8 33.9 29.4 5.8 0.0 1.4 19.0 400.0 
clima_RAIMAT 2011 7 11 192 15.3 32.6 28.5 5.9 0.0 1.6 16.1 400.0 
clima_RAIMAT 2011 7 12 193 16.7 31.3 17.1 4.0 5.5 2.5 18.2 400.0 
clima_RAIMAT 2011 7 13 194 14.7 27.3 28.7 5.4 0.3 3.8 15.7 400.0 
clima_RAIMAT 2011 7 14 195 12.4 26.7 29.4 5.1 0.0 1.5 13.9 400.0 
clima_RAIMAT 2011 7 15 196 13.1 29.3 30.0 5.4 0.0 1.6 16.1 400.0 
clima_RAIMAT 2011 7 16 197 19.2 32.8 27.4 5.6 0.0 2.1 20.2 400.0 
clima_RAIMAT 2011 7 17 198 16.4 27.2 24.2 5.1 0.0 3.5 13.6 400.0 
clima_RAIMAT 2011 7 18 199 12.2 26.5 29.3 5.2 0.0 2.0 11.9 400.0 
clima_RAIMAT 2011 7 19 200 14.8 23.8 29.5 5.7 0.1 5.1 12.3 400.0 
clima_RAIMAT 2011 7 20 201 12.2 27.4 30.1 5.3 0.0 2.4 12.5 400.0 
clima_RAIMAT 2011 7 21 202 15.3 28.5 28.4 5.4 0.0 2.0 15.2 400.0 
clima_RAIMAT 2011 7 22 203 14.3 26.1 18.3 3.4 0.0 1.4 13.7 400.0 
clima_RAIMAT 2011 7 23 204 11.0 25.8 29.8 5.3 0.0 2.3 12.1 400.0 
clima_RAIMAT 2011 7 24 205 9.3 27.3 28.8 5.3 0.0 2.4 12.8 400.0 
clima_RAIMAT 2011 7 25 206 14.6 28.3 27.2 5.3 0.0 3.2 16.9 400.0 
clima_RAIMAT 2011 7 26 207 17.6 27.9 22.4 4.7 0.0 2.6 16.9 400.0 
clima_RAIMAT 2011 7 27 208 13.3 29.2 27.4 4.8 0.0 1.3 16.2 400.0 
clima_RAIMAT 2011 7 28 209 13.8 30.1 26.3 4.8 0.0 1.4 17.1 400.0 
clima_RAIMAT 2011 7 29 210 18.7 30.5 25.4 4.8 0.0 1.8 19.8 400.0 
clima_RAIMAT 2011 7 30 211 19.5 30.8 25.8 5.1 0.0 2.2 20.4 400.0 
clima_RAIMAT 2011 7 31 212 16.4 30.2 27.2 5.1 0.0 1.6 18.6 400.0 
clima_RAIMAT 2011 8 1 213 19.6 29.2 24.7 5.0 0.0 3.0 20.8 400.0 
clima_RAIMAT 2011 8 2 214 19.4 32.1 25.2 5.6 0.0 2.8 20.5 400.0 
clima_RAIMAT 2011 8 3 215 17.0 31.5 26.5 5.3 0.0 1.4 20.6 400.0 
clima_RAIMAT 2011 8 4 216 18.3 33.0 26.5 5.2 0.0 1.4 21.4 400.0 
clima_RAIMAT 2011 8 5 217 20.7 31.6 21.2 4.6 0.0 2.4 22.4 400.0 
clima_RAIMAT 2011 8 6 218 20.8 32.8 23.1 4.8 0.0 1.6 22.9 400.0 
clima_RAIMAT 2011 8 7 219 19.0 31.3 24.6 4.8 0.0 1.7 20.1 400.0 
clima_RAIMAT 2011 8 8 220 15.4 27.3 28.2 5.9 0.0 3.3 13.5 400.0 
clima_RAIMAT 2011 8 9 221 10.6 28.1 27.8 5.0 0.0 1.8 12.3 400.0 
clima_RAIMAT 2011 8 10 222 10.0 29.0 28.2 4.8 0.0 1.1 15.2 400.0 
clima_RAIMAT 2011 8 11 223 16.6 31.3 26.3 5.2 0.0 2.0 20.2 400.0 
clima_RAIMAT 2011 8 12 224 16.9 32.6 24.4 5.1 0.0 1.6 21.5 400.0 
clima_RAIMAT 2011 8 13 225 18.4 31.0 18.0 3.9 0.4 1.5 23.0 400.0 
clima_RAIMAT 2011 8 14 226 17.0 33.9 21.3 4.3 0.0 1.3 20.5 400.0 
clima_RAIMAT 2011 8 15 227 18.7 34.1 25.3 5.1 0.0 1.6 21.3 400.0 
clima_RAIMAT 2011 8 16 228 20.5 32.7 25.1 5.3 0.0 1.9 19.1 400.0 
clima_RAIMAT 2011 8 17 229 20.6 34.1 25.2 5.7 0.0 2.6 19.3 400.0 
clima_RAIMAT 2011 8 18 230 18.6 32.6 19.1 4.7 0.1 2.5 18.7 400.0 
clima_RAIMAT 2011 8 19 231 18.8 35.8 25.0 5.5 0.0 1.6 18.5 400.0 
clima_RAIMAT 2011 8 20 232 17.7 37.5 24.9 5.8 0.0 1.6 15.5 400.0 
clima_RAIMAT 2011 8 21 233 19.5 36.9 25.2 6.1 0.0 2.1 14.1 400.0 
clima_RAIMAT 2011 8 22 234 21.6 34.7 18.6 5.4 0.0 3.1 12.6 400.0 
clima_RAIMAT 2011 8 23 235 17.6 34.6 24.4 4.9 0.0 1.4 16.6 400.0 
clima_RAIMAT 2011 8 24 236 22.1 33.2 22.4 4.6 0.0 2.0 25.2 400.0 
clima_RAIMAT 2011 8 25 237 21.9 33.0 22.6 4.8 0.0 2.0 24.2 400.0 
clima_RAIMAT 2011 8 26 238 13.3 29.3 23.2 4.9 0.0 2.9 14.4 400.0 
clima_RAIMAT 2011 8 27 239 12.6 26.7 25.8 4.9 0.0 2.2 11.9 400.0 
clima_RAIMAT 2011 8 28 240 13.1 30.1 23.3 4.5 0.0 1.4 16.2 400.0 
clima_RAIMAT 2011 8 29 241 19.0 32.3 23.6 4.8 0.0 2.1 21.4 400.0 
clima_RAIMAT 2011 8 30 242 18.7 31.7 23.1 4.6 0.0 1.8 20.8 400.0 
clima_RAIMAT 2011 8 31 243 20.3 29.9 17.6 3.9 0.0 2.5 21.3 400.0 
clima_RAIMAT 2011 9 1 244 19.6 31.0 18.2 3.9 0.0 2.1 21.6 400.0 
clima_RAIMAT 2011 9 2 245 18.0 30.3 14.9 3.1 15.5 1.4 22.3 400.0 
clima_RAIMAT 2011 9 3 246 16.5 26.7 15.3 3.0 0.2 1.2 20.6 400.0 
clima_RAIMAT 2011 9 4 247 16.0 28.7 23.1 4.6 0.0 1.9 18.1 400.0 
clima_RAIMAT 2011 9 5 248 14.1 27.7 23.1 4.4 0.7 1.8 14.1 400.0 
clima_RAIMAT 2011 9 6 249 10.2 27.9 23.3 4.2 0.0 1.3 14.1 400.0 
clima_RAIMAT 2011 9 7 250 12.4 31.4 23.0 4.6 0.0 1.7 14.2 400.0 
clima_RAIMAT 2011 9 8 251 12.9 33.1 22.9 4.3 0.0 1.1 17.4 400.0 
clima_RAIMAT 2011 9 9 252 18.8 33.2 22.1 4.3 0.0 1.6 20.8 400.0 
clima_RAIMAT 2011 9 10 253 19.8 32.9 21.5 4.6 0.0 2.4 19.2 400.0 
clima_RAIMAT 2011 9 11 254 18.4 29.5 17.5 3.7 0.0 2.1 16.4 400.0 
clima_RAIMAT 2011 9 12 255 12.7 31.0 22.1 4.1 0.0 1.2 16.2 400.0 
clima_RAIMAT 2011 9 13 256 16.9 32.4 21.6 4.2 0.0 1.3 20.2 400.0 
clima_RAIMAT 2011 9 14 257 16.2 30.9 20.7 3.8 0.0 1.3 19.4 400.0 
clima_RAIMAT 2011 9 15 258 18.0 32.0 20.5 4.2 0.0 1.7 19.6 400.0 
clima_RAIMAT 2011 9 16 259 16.0 31.7 20.4 4.2 0.0 1.7 19.5 400.0 
clima_RAIMAT 2011 9 17 260 16.9 28.6 17.6 3.3 0.0 1.6 20.5 400.0 
clima_RAIMAT 2011 9 18 261 11.7 21.9 10.7 2.6 0.0 4.1 10.9 400.0 
clima_RAIMAT 2011 9 19 262 10.8 24.4 21.2 4.0 0.0 2.9 11.7 400.0 
clima_RAIMAT 2011 9 20 263 8.1 24.9 20.9 3.4 0.0 1.4 12.9 400.0 
clima_RAIMAT 2011 9 21 264 10.2 29.2 19.9 3.5 0.0 1.0 15.6 400.0 
clima_RAIMAT 2011 9 22 265 14.6 28.6 19.1 3.4 0.0 1.2 19.1 400.0 
clima_RAIMAT 2011 9 23 266 13.8 28.0 17.7 3.4 0.0 1.5 18.5 400.0 
clima_RAIMAT 2011 9 24 267 14.2 23.6 13.2 2.5 0.0 1.8 15.7 400.0 
clima_RAIMAT 2011 9 25 268 12.4 27.1 19.0 3.3 0.0 1.1 16.6 400.0 
clima_RAIMAT 2011 9 26 269 11.6 28.7 18.9 3.4 0.0 1.1 15.6 400.0 
clima_RAIMAT 2011 9 27 270 12.5 29.4 18.3 3.4 0.0 1.0 15.4 400.0 
clima_RAIMAT 2011 9 28 271 12.8 29.5 17.7 3.5 0.0 1.2 15.3 400.0 
clima_RAIMAT 2011 9 29 272 11.2 28.1 18.1 3.5 0.0 1.1 14.4 400.0 
clima_RAIMAT 2011 9 30 273 10.6 27.0 18.1 3.3 0.0 1.2 14.3 400.0 
clima_RAIMAT 2011 10 1 274 11.9 26.8 17.8 3.2 0.0 1.1 14.6 400.0 
clima_RAIMAT 2011 10 2 275 10.1 27.8 17.8 3.1 0.0 1.0 15.8 400.0 
clima_RAIMAT 2011 10 3 276 8.8 30.0 17.6 3.2 0.0 1.2 14.4 400.0 
clima_RAIMAT 2011 10 4 277 8.2 27.4 17.5 3.1 0.0 1.0 12.6 400.0 
clima_RAIMAT 2011 10 5 278 8.1 27.8 16.9 3.0 0.0 1.0 13.4 400.0 
clima_RAIMAT 2011 10 6 279 8.3 27.3 16.8 3.0 0.0 1.6 12.6 400.0 
clima_RAIMAT 2011 10 7 280 10.6 22.5 14.9 3.3 0.0 3.8 10.3 400.0 
clima_RAIMAT 2011 10 8 281 6.2 22.7 12.5 2.2 0.0 1.8 10.0 400.0 
clima_RAIMAT 2011 10 9 282 5.7 24.3 17.0 2.9 0.0 1.8 11.4 400.0 
clima_RAIMAT 2011 10 10 283 7.1 26.4 16.6 2.8 0.0 1.0 13.3 400.0 
clima_RAIMAT 2011 10 11 284 8.1 28.4 16.6 2.9 0.0 0.9 14.0 400.0 
clima_RAIMAT 2011 10 12 285 7.7 28.5 16.4 2.8 0.0 0.9 14.1 400.0 
clima_RAIMAT 2011 10 13 286 7.0 26.0 16.2 2.8 0.0 1.4 13.1 400.0 
clima_RAIMAT 2011 10 14 287 13.9 25.0 15.5 2.7 0.0 1.3 16.0 400.0 
clima_RAIMAT 2011 10 15 288 12.6 23.9 13.7 2.4 0.0 1.6 14.5 400.0 
clima_RAIMAT 2011 10 16 289 11.1 23.5 12.5 2.1 0.0 1.2 14.0 400.0 
clima_RAIMAT 2011 10 17 290 10.5 23.3 13.1 2.2 0.0 1.3 14.0 400.0 
clima_RAIMAT 2011 10 18 291 7.0 23.3 14.7 2.4 0.0 1.1 12.4 400.0 
clima_RAIMAT 2011 10 19 292 8.3 20.8 12.3 2.0 0.0 1.6 11.4 400.0 
clima_RAIMAT 2011 10 20 293 3.1 18.5 15.2 2.2 0.0 1.5 7.9 400.0 
clima_RAIMAT 2011 10 21 294 -0.1 17.5 14.8 2.0 0.0 1.1 7.5 400.0 
clima_RAIMAT 2011 10 22 295 10.7 20.6 12.2 1.9 0.0 1.5 12.1 400.0 
clima_RAIMAT 2011 10 23 296 12.2 21.7 12.2 2.2 0.0 2.7 13.7 400.0 
clima_RAIMAT 2011 10 24 297 10.5 20.9 6.6 1.3 3.1 2.4 14.4 400.0 
clima_RAIMAT 2011 10 25 298 3.7 17.0 13.0 2.1 0.0 2.0 9.0 400.0 
clima_RAIMAT 2011 10 26 299 1.7 18.9 12.1 1.9 0.0 1.4 8.3 400.0 
clima_RAIMAT 2011 10 27 300 9.2 16.2 3.0 0.5 11.2 2.6 12.9 400.0 
clima_RAIMAT 2011 10 28 301 9.1 15.3 4.7 0.7 1.0 0.9 13.5 400.0 
clima_RAIMAT 2011 10 29 302 11.2 16.3 3.6 0.6 0.0 0.9 14.9 400.0 
clima_RAIMAT 2011 10 30 303 9.4 20.5 10.5 1.5 0.0 0.9 15.1 400.0 
clima_RAIMAT 2011 10 31 304 7.9 21.3 12.0 1.8 0.1 1.1 14.3 400.0 
clima_RAIMAT 2011 11 1 305 13.8 21.6 9.1 1.5 0.0 1.4 16.2 400.0 
clima_RAIMAT 2011 11 2 306 14.6 22.2 7.8 1.5 0.0 2.9 16.1 400.0 
clima_RAIMAT 2011 11 3 307 9.8 19.8 3.4 0.7 4.7 2.4 14.3 400.0 
clima_RAIMAT 2011 11 4 308 8.8 16.5 3.0 0.6 11.4 2.4 12.6 400.0 
clima_RAIMAT 2011 11 5 309 8.8 14.9 6.7 0.9 0.0 2.0 11.8 400.0 
clima_RAIMAT 2011 11 6 310 10.7 16.5 6.3 1.2 0.0 3.6 12.0 400.0 
clima_RAIMAT 2011 11 7 311 7.3 17.7 9.0 1.3 0.8 1.4 12.5 400.0 
clima_RAIMAT 2011 11 8 312 7.2 16.9 10.7 1.4 0.0 1.2 12.1 400.0 
clima_RAIMAT 2011 11 9 313 4.6 17.7 11.1 1.5 0.0 0.9 11.1 400.0 
clima_RAIMAT 2011 11 10 314 7.4 19.3 9.0 1.3 0.0 0.9 12.7 400.0 
clima_RAIMAT 2011 11 11 315 7.6 22.0 10.6 1.6 0.0 0.8 13.6 400.0 
clima_RAIMAT 2011 11 12 316 9.1 20.3 9.6 1.6 0.0 2.5 13.2 400.0 
clima_RAIMAT 2011 11 13 317 13.4 20.3 7.7 1.4 0.0 2.8 14.6 400.0 
clima_RAIMAT 2011 11 14 318 12.6 18.5 6.0 1.2 0.0 3.6 13.6 400.0 
clima_RAIMAT 2011 11 15 319 7.2 13.8 1.4 0.3 19.4 2.1 11.7 400.0 
clima_RAIMAT 2011 11 16 320 3.2 16.3 10.8 1.2 0.2 1.1 10.5 400.0 
clima_RAIMAT 2011 11 17 321 6.6 15.0 7.6 0.9 0.0 0.8 11.5 400.0 
clima_RAIMAT 2011 11 18 322 5.4 16.4 9.0 1.2 0.1 1.6 10.7 400.0 
clima_RAIMAT 2011 11 19 323 7.2 16.0 7.5 1.1 0.6 2.4 10.2 400.0 
clima_RAIMAT 2011 11 20 324 11.8 16.2 3.8 0.7 7.9 3.2 13.3 400.0 
clima_RAIMAT 2011 11 21 325 9.4 17.8 8.3 1.2 0.3 1.9 11.5 400.0 
clima_RAIMAT 2011 11 22 326 10.3 13.4 2.3 0.4 7.2 1.4 13.0 400.0 
clima_RAIMAT 2011 11 23 327 6.3 17.9 9.5 1.1 0.2 1.4 12.6 400.0 
clima_RAIMAT 2011 11 24 328 5.1 9.9 2.5 0.3 0.2 0.8 9.9 400.0 
clima_RAIMAT 2011 11 25 329 5.8 7.8 2.1 0.3 0.1 0.7 9.7 400.0 
clima_RAIMAT 2011 11 26 330 2.9 8.4 2.3 0.3 0.1 1.0 8.5 400.0 
clima_RAIMAT 2011 11 27 331 4.2 5.9 2.1 0.3 0.1 0.9 8.6 400.0 
clima_RAIMAT 2011 11 28 332 4.3 5.8 1.5 0.2 0.2 0.7 8.5 400.0 
clima_RAIMAT 2011 11 29 333 3.9 5.6 2.2 0.3 0.1 0.6 8.4 400.0 
clima_RAIMAT 2011 11 30 334 4.4 5.5 1.6 0.2 0.3 0.6 8.4 400.0 
clima_RAIMAT 2011 12 1 335 3.7 5.3 1.8 0.3 0.3 0.5 8.2 400.0 
clima_RAIMAT 2011 12 2 336 4.7 7.4 1.7 0.2 0.1 0.9 9.2 400.0 
clima_RAIMAT 2011 12 3 337 4.7 11.0 7.5 0.8 0.0 1.1 9.4 400.0 
clima_RAIMAT 2011 12 4 338 3.3 13.7 9.3 1.1 0.0 1.6 8.8 400.0 
clima_RAIMAT 2011 12 5 339 2.7 16.7 8.7 1.2 0.0 2.9 9.0 400.0 
clima_RAIMAT 2011 12 6 340 6.9 14.9 9.1 1.3 0.0 3.9 9.0 400.0 
clima_RAIMAT 2011 12 7 341 2.7 15.3 8.9 1.0 0.0 1.6 8.6 400.0 
clima_RAIMAT 2011 12 8 342 1.3 12.3 8.8 0.9 0.0 1.0 8.7 400.0 
clima_RAIMAT 2011 12 9 343 1.1 5.6 3.1 0.3 0.2 0.7 7.6 400.0 
clima_RAIMAT 2011 12 10 344 3.1 5.6 1.8 0.2 0.1 1.0 8.1 400.0 
clima_RAIMAT 2011 12 11 345 3.9 5.8 1.5 0.2 0.1 0.7 8.4 400.0 
clima_RAIMAT 2011 12 12 346 2.3 13.8 8.4 1.0 0.0 1.9 8.8 400.0 
clima_RAIMAT 2011 12 13 347 1.5 13.0 6.7 0.8 0.0 1.0 8.6 400.0 
clima_RAIMAT 2011 12 14 348 3.0 16.7 6.6 1.0 0.0 1.5 9.4 400.0 
clima_RAIMAT 2011 12 15 349 1.8 12.8 6.8 1.0 0.0 2.7 7.4 400.0 
clima_RAIMAT 2011 12 16 350 1.4 13.0 4.6 0.6 0.2 3.1 7.6 400.0 
clima_RAIMAT 2011 12 17 351 3.2 9.9 8.6 1.0 0.0 5.1 6.8 400.0 
clima_RAIMAT 2011 12 18 352 0.0 10.3 9.1 1.0 0.0 3.2 6.3 400.0 
clima_RAIMAT 2011 12 19 353 -3.9 9.8 7.0 0.7 0.0 2.2 6.0 400.0 
clima_RAIMAT 2011 12 20 354 -0.9 13.7 7.8 0.8 0.0 2.6 7.3 400.0 
clima_RAIMAT 2011 12 21 355 5.7 18.0 7.5 1.0 0.0 3.0 9.3 400.0 
clima_RAIMAT 2011 12 22 356 1.1 15.8 7.8 0.9 0.0 2.4 8.5 400.0 
clima_RAIMAT 2011 12 23 357 -0.8 4.3 2.7 0.3 0.1 0.8 6.8 400.0 
clima_RAIMAT 2011 12 24 358 0.5 10.8 8.3 0.8 0.1 1.0 7.9 400.0 
clima_RAIMAT 2011 12 25 359 -3.7 9.1 9.3 0.8 0.1 0.9 5.9 400.0 
clima_RAIMAT 2011 12 26 360 -4.4 10.7 9.0 0.8 0.1 0.7 6.5 400.0 
clima_RAIMAT 2011 12 27 361 -4.0 7.8 7.5 0.6 0.0 0.8 6.0 400.0 
clima_RAIMAT 2011 12 28 362 -4.4 6.9 8.2 0.6 0.1 0.9 6.0 400.0 
clima_RAIMAT 2011 12 29 363 -3.6 9.7 7.8 0.7 0.1 1.2 6.2 400.0 
clima_RAIMAT 2011 12 30 364 -2.5 13.2 8.8 1.0 0.0 3.1 6.7 400.0 
clima_RAIMAT 2011 12 31 365 1.1 14.9 8.6 1.0 0.0 1.7 8.1 400.0 
