clima_RAIMAT 2016 1 1 1 1.4 12.2 4.4 0.5 0.1 1.4 9.4 400.0 
clima_RAIMAT 2016 1 2 2 3.1 13.3 8.4 0.6 0.0 3.1 8.6 400.0 
clima_RAIMAT 2016 1 3 3 1.8 8.2 3.3 0.4 2.5 0.8 7.5 400.0 
clima_RAIMAT 2016 1 4 4 5.5 9.5 2.5 0.3 10.9 1.8 9.8 400.0 
clima_RAIMAT 2016 1 5 5 3.9 10.7 9.3 0.9 0.1 3.1 7.9 400.0 
clima_RAIMAT 2016 1 6 6 3.6 11.1 7.8 0.9 0.0 3.4 7.0 400.0 
clima_RAIMAT 2016 1 7 7 1.8 16.4 5.9 0.6 0.0 1.1 9.6 400.0 
clima_RAIMAT 2016 1 8 8 6.7 18.0 6.1 0.9 0.0 1.3 10.8 400.0 
clima_RAIMAT 2016 1 9 9 8.2 15.8 6.4 0.9 0.1 1.7 10.9 400.0 
clima_RAIMAT 2016 1 10 10 5.2 16.3 5.6 0.9 0.0 2.1 8.4 400.0 
clima_RAIMAT 2016 1 11 11 6.2 15.1 9.0 1.5 0.0 3.8 7.0 400.0 
clima_RAIMAT 2016 1 12 12 4.7 11.6 9.8 1.4 0.0 4.3 6.5 400.0 
clima_RAIMAT 2016 1 13 13 -1.8 9.9 7.5 0.8 0.0 1.2 6.4 400.0 
clima_RAIMAT 2016 1 14 14 -0.1 9.7 4.0 0.4 0.3 1.8 7.5 400.0 
clima_RAIMAT 2016 1 15 15 0.6 12.0 8.2 1.0 0.0 2.4 7.0 400.0 
clima_RAIMAT 2016 1 16 16 -2.3 9.5 10.8 1.3 0.0 3.3 4.9 400.0 
clima_RAIMAT 2016 1 17 17 -5.6 8.0 9.5 0.8 0.0 0.9 4.9 400.0 
clima_RAIMAT 2016 1 18 18 0.3 11.0 8.3 1.0 0.4 2.0 6.8 400.0 
clima_RAIMAT 2016 1 19 19 -1.3 11.7 9.9 1.1 0.0 1.2 6.9 400.0 
clima_RAIMAT 2016 1 20 20 -1.1 10.3 10.1 1.0 0.0 0.7 7.0 400.0 
clima_RAIMAT 2016 1 21 21 -3.6 12.3 10.5 1.0 0.0 0.9 7.1 400.0 
clima_RAIMAT 2016 1 22 22 -1.3 8.9 5.4 0.6 0.0 0.6 7.1 400.0 
clima_RAIMAT 2016 1 23 23 1.2 14.0 7.9 0.9 0.0 0.9 8.8 400.0 
clima_RAIMAT 2016 1 24 24 1.1 17.0 10.1 1.3 0.0 1.0 9.6 400.0 
clima_RAIMAT 2016 1 25 25 7.1 11.6 2.8 0.5 0.0 1.1 10.7 400.0 
clima_RAIMAT 2016 1 26 26 8.7 12.3 2.7 0.4 0.0 0.9 11.3 400.0 
clima_RAIMAT 2016 1 27 27 5.3 10.7 3.6 0.5 0.0 0.9 9.4 400.0 
clima_RAIMAT 2016 1 28 28 5.7 12.9 6.8 0.9 0.0 1.0 10.2 400.0 
clima_RAIMAT 2016 1 29 29 4.6 11.6 4.8 0.6 0.0 0.9 9.5 400.0 
clima_RAIMAT 2016 1 30 30 2.8 12.6 7.6 0.8 0.0 1.1 9.2 400.0 
clima_RAIMAT 2016 1 31 31 1.6 16.2 8.9 1.2 0.0 2.1 9.0 400.0 
clima_RAIMAT 2016 2 1 32 3.1 16.0 10.2 1.2 0.1 1.2 10.4 400.0 
clima_RAIMAT 2016 2 2 33 1.4 12.5 6.8 0.8 0.1 0.9 9.4 400.0 
clima_RAIMAT 2016 2 3 34 1.5 16.1 12.3 1.7 0.0 2.9 8.3 400.0 
clima_RAIMAT 2016 2 4 35 -2.5 12.6 13.0 1.4 0.0 1.1 6.1 400.0 
clima_RAIMAT 2016 2 5 36 -3.2 14.1 12.3 1.4 0.0 0.8 6.6 400.0 
clima_RAIMAT 2016 2 6 37 0.7 15.4 12.0 1.6 0.0 1.8 7.7 400.0 
clima_RAIMAT 2016 2 7 38 2.5 12.5 12.9 1.7 2.0 5.0 6.8 400.0 
clima_RAIMAT 2016 2 8 39 -0.7 16.3 13.1 1.6 0.0 1.2 7.6 400.0 
clima_RAIMAT 2016 2 9 40 4.8 16.5 6.4 1.3 0.0 3.3 8.7 400.0 
clima_RAIMAT 2016 2 10 41 8.0 13.1 6.8 1.0 4.2 2.9 9.5 400.0 
clima_RAIMAT 2016 2 11 42 7.1 12.7 5.2 0.6 1.8 1.5 10.6 400.0 
clima_RAIMAT 2016 2 12 43 6.4 13.5 5.8 0.8 5.1 1.1 11.1 400.0 
clima_RAIMAT 2016 2 13 44 8.9 19.9 11.0 1.6 14.0 2.6 13.9 400.0 
clima_RAIMAT 2016 2 14 45 4.9 13.2 10.5 1.4 0.4 4.4 8.4 400.0 
clima_RAIMAT 2016 2 15 46 0.7 14.2 15.1 1.9 0.0 3.6 6.2 400.0 
clima_RAIMAT 2016 2 16 47 -1.7 11.4 15.4 1.8 0.0 2.9 4.9 400.0 
clima_RAIMAT 2016 2 17 48 -4.7 8.9 15.2 1.4 0.0 1.0 5.0 400.0 
clima_RAIMAT 2016 2 18 49 -0.8 10.6 8.8 1.0 0.0 0.9 6.7 400.0 
clima_RAIMAT 2016 2 19 50 -2.1 11.8 15.4 1.5 0.0 1.1 6.6 400.0 
clima_RAIMAT 2016 2 20 51 -2.4 13.6 15.9 1.7 0.0 1.2 6.6 400.0 
clima_RAIMAT 2016 2 21 52 -1.8 16.6 15.0 1.8 0.0 1.4 6.7 400.0 
clima_RAIMAT 2016 2 22 53 6.6 15.0 10.5 1.3 1.9 2.1 9.3 400.0 
clima_RAIMAT 2016 2 23 54 5.2 16.2 15.9 2.1 0.0 3.7 8.2 400.0 
clima_RAIMAT 2016 2 24 55 2.4 17.3 13.8 1.7 0.0 1.1 8.7 400.0 
clima_RAIMAT 2016 2 25 56 5.6 15.7 15.8 2.1 0.0 3.5 8.5 400.0 
clima_RAIMAT 2016 2 26 57 2.6 12.7 9.6 1.4 2.1 2.4 7.3 400.0 
clima_RAIMAT 2016 2 27 58 0.8 7.6 6.5 0.6 40.7 3.0 7.5 400.0 
clima_RAIMAT 2016 2 28 59 -0.5 11.5 12.1 1.4 0.0 1.8 7.3 400.0 
clima_RAIMAT 2016 2 29 60 3.7 13.4 15.0 2.1 0.0 5.0 6.5 400.0 
clima_RAIMAT 2016 3 1 61 -0.7 15.3 14.9 2.0 0.0 2.2 6.4 400.0 
clima_RAIMAT 2016 3 2 62 3.6 17.3 17.2 2.6 0.0 4.6 7.5 400.0 
clima_RAIMAT 2016 3 3 63 5.3 13.7 18.1 2.4 0.0 6.1 7.5 400.0 
clima_RAIMAT 2016 3 4 64 0.3 16.8 15.3 2.1 2.4 1.6 8.2 400.0 
clima_RAIMAT 2016 3 5 65 3.7 12.4 16.3 2.0 0.0 5.1 7.0 400.0 
clima_RAIMAT 2016 3 6 66 2.4 11.7 18.7 2.2 0.0 4.6 6.6 400.0 
clima_RAIMAT 2016 3 7 67 1.5 11.1 13.0 1.5 0.2 1.7 7.0 400.0 
clima_RAIMAT 2016 3 8 68 -0.2 13.6 19.5 2.6 0.0 2.1 5.7 400.0 
clima_RAIMAT 2016 3 9 69 -0.6 11.5 8.9 1.1 1.2 3.0 6.8 400.0 
clima_RAIMAT 2016 3 10 70 1.6 14.1 20.1 2.5 0.0 3.5 6.9 400.0 
clima_RAIMAT 2016 3 11 71 -1.1 15.5 20.0 2.6 0.0 2.3 6.8 400.0 
clima_RAIMAT 2016 3 12 72 -1.4 13.7 20.1 2.3 0.0 1.5 6.3 400.0 
clima_RAIMAT 2016 3 13 73 -1.5 13.5 19.7 2.3 0.0 2.1 6.1 400.0 
clima_RAIMAT 2016 3 14 74 4.3 9.9 4.6 0.7 12.4 1.4 8.5 400.0 
clima_RAIMAT 2016 3 15 75 3.7 10.7 9.4 1.1 5.5 1.6 9.0 400.0 
clima_RAIMAT 2016 3 16 76 1.0 14.0 14.6 1.9 0.1 1.6 8.2 400.0 
clima_RAIMAT 2016 3 17 77 3.1 11.6 16.9 2.0 0.0 2.0 7.7 400.0 
clima_RAIMAT 2016 3 18 78 0.3 13.6 17.1 2.3 0.0 1.7 7.6 400.0 
clima_RAIMAT 2016 3 19 79 8.3 10.9 4.1 0.6 5.7 4.0 10.6 400.0 
clima_RAIMAT 2016 3 20 80 7.9 17.5 21.1 2.9 0.5 2.0 10.9 400.0 
clima_RAIMAT 2016 3 21 81 4.6 16.0 19.6 2.6 0.2 1.4 10.1 400.0 
clima_RAIMAT 2016 3 22 82 5.4 17.6 21.3 2.8 0.7 2.7 9.9 400.0 
clima_RAIMAT 2016 3 23 83 2.2 17.8 21.6 3.0 0.0 2.9 7.1 400.0 
clima_RAIMAT 2016 3 24 84 3.5 18.9 22.5 3.2 0.0 2.6 7.8 400.0 
clima_RAIMAT 2016 3 25 85 2.8 16.1 15.1 2.4 0.0 1.8 8.4 400.0 
clima_RAIMAT 2016 3 26 86 3.7 22.2 21.5 3.1 0.0 1.1 11.0 400.0 
clima_RAIMAT 2016 3 27 87 5.5 16.9 20.9 3.3 0.0 2.6 7.8 400.0 
clima_RAIMAT 2016 3 28 88 3.9 16.1 14.2 2.1 0.0 1.7 8.8 400.0 
clima_RAIMAT 2016 3 29 89 5.8 19.9 18.4 2.8 0.0 1.4 11.0 400.0 
clima_RAIMAT 2016 3 30 90 7.5 24.0 21.9 3.8 0.0 2.5 10.5 400.0 
clima_RAIMAT 2016 3 31 91 6.5 16.5 18.4 2.6 0.0 4.4 7.3 400.0 
clima_RAIMAT 2016 4 1 92 4.0 15.5 17.5 2.5 0.0 1.8 7.7 400.0 
clima_RAIMAT 2016 4 2 93 3.4 17.9 23.5 3.2 0.0 1.6 7.4 400.0 
clima_RAIMAT 2016 4 3 94 7.3 18.8 18.4 2.9 0.7 3.1 9.2 400.0 
clima_RAIMAT 2016 4 4 95 8.7 13.4 6.1 0.9 14.1 2.4 11.4 400.0 
clima_RAIMAT 2016 4 5 96 9.8 13.7 4.2 0.7 20.9 3.0 12.7 400.0 
clima_RAIMAT 2016 4 6 97 6.6 18.2 23.4 3.1 0.0 2.8 10.5 400.0 
clima_RAIMAT 2016 4 7 98 3.5 17.6 24.5 3.4 0.0 3.0 8.7 400.0 
clima_RAIMAT 2016 4 8 99 3.0 16.8 25.1 3.8 0.0 4.0 6.8 400.0 
clima_RAIMAT 2016 4 9 100 2.3 18.3 24.1 3.4 0.0 3.0 8.1 400.0 
clima_RAIMAT 2016 4 10 101 10.0 20.1 15.8 3.2 2.5 3.7 10.6 400.0 
clima_RAIMAT 2016 4 11 102 6.5 19.3 25.4 3.9 0.0 1.7 9.1 400.0 
clima_RAIMAT 2016 4 12 103 8.7 20.9 23.8 4.0 1.1 1.4 10.8 400.0 
clima_RAIMAT 2016 4 13 104 6.7 18.9 22.9 3.5 0.1 2.2 10.2 400.0 
clima_RAIMAT 2016 4 14 105 5.1 23.2 25.6 4.2 0.0 1.1 9.5 400.0 
clima_RAIMAT 2016 4 15 106 6.3 24.5 25.0 4.5 0.0 1.8 11.0 400.0 
clima_RAIMAT 2016 4 16 107 9.4 23.0 19.6 3.5 1.5 1.6 13.2 400.0 
clima_RAIMAT 2016 4 17 108 7.6 20.1 24.6 4.0 0.1 1.8 10.9 400.0 
clima_RAIMAT 2016 4 18 109 5.9 21.1 26.7 4.1 0.0 1.8 10.4 400.0 
clima_RAIMAT 2016 4 19 110 6.9 20.7 20.3 3.4 0.0 2.1 10.4 400.0 
clima_RAIMAT 2016 4 20 111 10.2 20.8 12.2 2.5 2.9 2.1 10.6 400.0 
clima_RAIMAT 2016 4 21 112 8.3 19.9 15.6 2.6 0.7 1.1 12.5 400.0 
clima_RAIMAT 2016 4 22 113 7.2 16.0 10.7 1.7 0.1 1.2 11.5 400.0 
clima_RAIMAT 2016 4 23 114 4.1 21.5 26.2 4.0 0.7 2.1 10.2 400.0 
clima_RAIMAT 2016 4 24 115 6.4 19.1 28.0 4.5 0.0 3.8 8.1 400.0 
clima_RAIMAT 2016 4 25 116 1.6 18.2 28.1 3.9 0.0 1.6 7.2 400.0 
clima_RAIMAT 2016 4 26 117 2.8 21.5 27.9 4.5 0.0 2.5 7.9 400.0 
clima_RAIMAT 2016 4 27 118 4.8 19.2 24.5 3.8 8.7 1.8 9.4 400.0 
clima_RAIMAT 2016 4 28 119 7.8 14.6 9.6 1.4 4.9 1.9 11.4 400.0 
clima_RAIMAT 2016 4 29 120 3.7 18.6 27.8 4.0 0.0 1.5 9.4 400.0 
clima_RAIMAT 2016 4 30 121 5.7 16.0 26.2 3.7 4.3 4.7 8.3 400.0 
clima_RAIMAT 2016 5 1 122 2.8 17.7 29.7 4.7 0.0 3.9 5.7 400.0 
clima_RAIMAT 2016 5 2 123 1.2 21.2 29.2 3.5 0.0 2.4 7.4 400.0 
clima_RAIMAT 2016 5 3 124 5.8 23.7 28.9 4.3 0.0 1.7 10.6 400.0 
clima_RAIMAT 2016 5 4 125 7.7 24.7 29.2 4.8 0.0 1.7 11.2 400.0 
clima_RAIMAT 2016 5 5 126 9.8 25.1 26.3 4.8 0.0 2.8 11.0 400.0 
clima_RAIMAT 2016 5 6 127 11.7 19.6 12.7 2.6 0.0 3.8 11.2 400.0 
clima_RAIMAT 2016 5 7 128 11.5 19.5 12.6 2.5 0.0 3.3 11.4 400.0 
clima_RAIMAT 2016 5 8 129 11.3 19.0 10.3 2.0 3.8 3.4 13.2 400.0 
clima_RAIMAT 2016 5 9 130 10.9 19.1 8.3 1.4 26.9 3.9 15.0 400.0 
clima_RAIMAT 2016 5 10 131 6.6 18.9 13.9 2.3 3.8 1.9 12.4 400.0 
clima_RAIMAT 2016 5 11 132 8.6 20.3 19.7 3.1 3.6 1.4 13.3 400.0 
clima_RAIMAT 2016 5 12 133 6.4 19.2 19.3 3.0 0.0 1.5 11.4 400.0 
clima_RAIMAT 2016 5 13 134 7.6 21.0 27.9 4.3 0.0 3.2 10.9 400.0 
clima_RAIMAT 2016 5 14 135 9.0 22.8 29.4 4.9 0.0 3.1 11.6 400.0 
clima_RAIMAT 2016 5 15 136 8.1 24.0 29.9 4.9 0.0 2.3 11.7 400.0 
clima_RAIMAT 2016 5 16 137 6.4 22.7 30.0 4.7 0.0 1.9 10.4 400.0 
clima_RAIMAT 2016 5 17 138 6.4 21.6 26.4 4.1 0.0 1.1 10.5 400.0 
clima_RAIMAT 2016 5 18 139 11.3 25.3 27.5 4.8 0.0 1.8 13.9 400.0 
clima_RAIMAT 2016 5 19 140 10.3 23.1 30.2 5.2 0.0 4.1 11.0 400.0 
clima_RAIMAT 2016 5 20 141 8.5 26.9 29.9 4.9 0.0 1.6 13.4 400.0 
clima_RAIMAT 2016 5 21 142 13.5 26.6 27.7 5.1 0.0 3.1 14.5 400.0 
clima_RAIMAT 2016 5 22 143 9.6 22.3 19.2 3.4 1.1 3.4 10.9 400.0 
clima_RAIMAT 2016 5 23 144 7.4 20.6 29.9 4.7 0.0 2.7 8.9 400.0 
clima_RAIMAT 2016 5 24 145 8.3 23.8 25.6 4.4 0.0 2.6 11.5 400.0 
clima_RAIMAT 2016 5 25 146 13.0 27.4 20.6 3.8 0.0 1.4 14.0 400.0 
clima_RAIMAT 2016 5 26 147 14.2 26.0 23.6 4.5 0.0 2.3 15.3 400.0 
clima_RAIMAT 2016 5 27 148 13.4 26.6 23.5 4.4 0.0 1.1 15.4 400.0 
clima_RAIMAT 2016 5 28 149 12.7 27.7 26.0 4.8 1.5 1.7 16.6 400.0 
clima_RAIMAT 2016 5 29 150 12.6 22.9 31.3 5.4 0.0 4.4 10.8 400.0 
clima_RAIMAT 2016 5 30 151 9.2 23.2 27.9 4.9 0.0 2.9 10.9 400.0 
clima_RAIMAT 2016 5 31 152 9.9 23.8 29.5 5.2 0.0 3.2 10.5 400.0 
clima_RAIMAT 2016 6 1 153 8.1 25.2 31.5 5.4 0.0 2.4 9.8 400.0 
clima_RAIMAT 2016 6 2 154 9.0 27.0 30.8 5.2 0.0 1.6 12.2 400.0 
clima_RAIMAT 2016 6 3 155 14.1 28.5 28.3 5.3 0.0 2.0 13.7 400.0 
clima_RAIMAT 2016 6 4 156 13.5 27.9 21.7 4.4 0.6 1.5 14.2 400.0 
clima_RAIMAT 2016 6 5 157 12.2 27.8 26.3 4.7 0.0 1.4 17.1 400.0 
clima_RAIMAT 2016 6 6 158 16.2 27.2 20.4 3.9 0.5 1.9 16.9 400.0 
clima_RAIMAT 2016 6 7 159 12.6 31.4 30.2 5.9 0.0 1.4 14.5 400.0 
clima_RAIMAT 2016 6 8 160 15.8 32.2 29.7 6.0 0.0 1.8 16.4 400.0 
clima_RAIMAT 2016 6 9 161 15.1 32.0 27.6 5.4 0.0 1.4 17.1 400.0 
clima_RAIMAT 2016 6 10 162 19.0 30.0 25.6 5.3 0.0 2.3 16.3 400.0 
clima_RAIMAT 2016 6 11 163 16.8 27.7 24.9 4.5 0.0 1.6 16.1 400.0 
clima_RAIMAT 2016 6 12 164 14.7 27.2 23.4 5.0 0.0 2.8 12.4 400.0 
clima_RAIMAT 2016 6 13 165 17.6 28.6 30.5 6.3 0.0 4.6 14.1 400.0 
clima_RAIMAT 2016 6 14 166 15.1 25.6 31.1 5.9 0.0 4.1 11.0 400.0 
clima_RAIMAT 2016 6 15 167 14.0 26.1 22.4 4.3 0.0 2.1 13.1 400.0 
clima_RAIMAT 2016 6 16 168 10.3 22.2 29.9 5.1 0.0 3.3 10.2 400.0 
clima_RAIMAT 2016 6 17 169 8.6 24.1 25.8 4.5 1.1 1.9 10.8 400.0 
clima_RAIMAT 2016 6 18 170 11.7 22.2 31.1 5.1 3.0 4.0 11.8 400.0 
clima_RAIMAT 2016 6 19 171 8.1 25.0 32.2 5.5 0.0 2.1 10.0 400.0 
clima_RAIMAT 2016 6 20 172 8.6 28.9 30.9 5.3 0.0 1.5 11.9 400.0 
clima_RAIMAT 2016 6 21 173 16.1 31.5 31.0 6.1 0.0 2.0 13.6 400.0 
clima_RAIMAT 2016 6 22 174 15.6 32.4 31.1 6.8 0.0 2.4 11.3 400.0 
clima_RAIMAT 2016 6 23 175 16.8 31.5 30.8 6.6 0.0 2.8 11.4 400.0 
clima_RAIMAT 2016 6 24 176 13.5 32.9 29.7 6.1 0.0 1.6 12.8 400.0 
clima_RAIMAT 2016 6 25 177 16.0 30.1 29.8 5.3 0.0 1.9 17.7 400.0 
clima_RAIMAT 2016 6 26 178 13.5 28.6 29.7 5.3 0.0 1.4 15.0 400.0 
clima_RAIMAT 2016 6 27 179 12.8 30.5 30.6 5.3 0.0 1.5 15.3 400.0 
clima_RAIMAT 2016 6 28 180 15.6 31.6 28.1 5.7 0.0 1.9 18.3 400.0 
clima_RAIMAT 2016 6 29 181 17.8 28.8 17.6 3.7 2.3 2.1 18.9 400.0 
clima_RAIMAT 2016 6 30 182 16.3 30.9 28.4 5.5 0.0 1.7 18.6 400.0 
clima_RAIMAT 2016 7 1 183 18.3 32.3 28.9 6.0 0.0 2.0 18.1 400.0 
clima_RAIMAT 2016 7 2 184 17.2 30.9 25.7 5.0 0.0 1.9 19.1 400.0 
clima_RAIMAT 2016 7 3 185 14.5 31.6 30.1 5.4 0.0 1.3 16.3 400.0 
clima_RAIMAT 2016 7 4 186 19.1 32.4 27.3 5.9 0.0 2.0 18.2 400.0 
clima_RAIMAT 2016 7 5 187 19.3 33.0 27.9 5.5 0.0 1.6 18.6 400.0 
clima_RAIMAT 2016 7 6 188 18.9 32.8 29.0 5.8 0.0 1.9 18.7 400.0 
clima_RAIMAT 2016 7 7 189 19.0 34.0 25.4 5.6 0.0 2.1 18.7 400.0 
clima_RAIMAT 2016 7 8 190 19.6 34.1 25.2 5.3 0.0 1.9 19.8 400.0 
clima_RAIMAT 2016 7 9 191 17.9 35.3 30.0 6.1 0.0 1.4 19.8 400.0 
clima_RAIMAT 2016 7 10 192 18.9 37.2 29.0 6.3 0.0 1.7 18.2 400.0 
clima_RAIMAT 2016 7 11 193 20.6 32.7 23.1 5.2 1.4 2.2 17.5 400.0 
clima_RAIMAT 2016 7 12 194 17.1 29.5 28.8 5.6 0.0 2.5 16.6 400.0 
clima_RAIMAT 2016 7 13 195 15.3 25.7 31.0 6.1 0.0 4.3 10.6 400.0 
clima_RAIMAT 2016 7 14 196 11.0 25.6 31.3 5.6 0.0 2.4 10.9 400.0 
clima_RAIMAT 2016 7 15 197 9.8 27.4 31.8 5.5 0.0 1.6 11.8 400.0 
clima_RAIMAT 2016 7 16 198 15.0 31.1 31.1 5.6 0.0 1.5 15.2 400.0 
clima_RAIMAT 2016 7 17 199 16.8 32.0 30.8 6.5 0.0 2.2 13.4 400.0 
clima_RAIMAT 2016 7 18 200 15.8 33.0 30.1 6.4 0.0 2.2 12.2 400.0 
clima_RAIMAT 2016 7 19 201 14.5 34.8 30.4 6.3 0.0 1.9 15.5 400.0 
clima_RAIMAT 2016 7 20 202 18.4 31.2 14.4 3.4 0.2 2.1 15.0 400.0 
clima_RAIMAT 2016 7 21 203 18.7 33.8 26.2 5.5 0.0 1.5 20.8 400.0 
clima_RAIMAT 2016 7 22 204 17.8 30.0 25.8 5.1 0.0 1.9 19.0 400.0 
clima_RAIMAT 2016 7 23 205 13.9 30.9 29.3 5.5 0.0 1.7 15.7 400.0 
clima_RAIMAT 2016 7 24 206 13.8 32.3 29.6 5.4 0.0 1.4 17.7 400.0 
clima_RAIMAT 2016 7 25 207 16.4 33.8 29.7 5.6 0.0 1.6 17.8 400.0 
clima_RAIMAT 2016 7 26 208 17.6 34.4 29.2 5.6 0.0 1.6 19.2 400.0 
clima_RAIMAT 2016 7 27 209 18.0 32.6 26.8 5.3 0.0 1.9 20.3 400.0 
clima_RAIMAT 2016 7 28 210 14.7 32.4 29.5 5.5 0.0 1.4 18.6 400.0 
clima_RAIMAT 2016 7 29 211 18.6 33.8 26.9 5.7 0.0 1.9 20.7 400.0 
clima_RAIMAT 2016 7 30 212 20.4 35.3 27.6 6.1 0.0 2.0 19.5 400.0 
clima_RAIMAT 2016 7 31 213 17.2 30.4 28.7 5.8 0.0 2.5 18.0 400.0 
clima_RAIMAT 2016 8 1 214 14.1 31.2 29.0 5.4 0.0 1.6 16.2 400.0 
clima_RAIMAT 2016 8 2 215 16.2 33.1 28.5 5.6 0.0 1.4 18.6 400.0 
clima_RAIMAT 2016 8 3 216 19.5 34.1 26.7 5.7 0.0 2.1 21.1 400.0 
clima_RAIMAT 2016 8 4 217 21.0 33.0 26.0 5.2 0.0 2.0 20.3 400.0 
clima_RAIMAT 2016 8 5 218 18.5 30.4 27.0 5.3 0.0 2.6 15.3 400.0 
clima_RAIMAT 2016 8 6 219 12.5 31.3 28.7 5.2 0.0 1.3 16.3 400.0 
clima_RAIMAT 2016 8 7 220 13.8 32.6 28.5 5.4 0.0 1.5 17.6 400.0 
clima_RAIMAT 2016 8 8 221 15.3 33.9 28.1 5.5 0.0 1.3 19.2 400.0 
clima_RAIMAT 2016 8 9 222 17.0 29.0 21.3 4.3 0.0 2.3 17.1 400.0 
clima_RAIMAT 2016 8 10 223 13.3 27.6 25.3 4.7 0.0 2.0 13.5 400.0 
clima_RAIMAT 2016 8 11 224 10.2 27.5 27.4 4.8 0.0 1.6 12.6 400.0 
clima_RAIMAT 2016 8 12 225 11.4 29.7 26.8 4.8 0.0 1.4 14.7 400.0 
clima_RAIMAT 2016 8 13 226 17.5 31.6 26.6 5.6 0.0 2.0 16.3 400.0 
clima_RAIMAT 2016 8 14 227 14.4 31.7 26.3 5.5 0.0 1.6 15.2 400.0 
clima_RAIMAT 2016 8 15 228 14.9 31.9 25.7 5.5 0.1 2.0 16.1 400.0 
clima_RAIMAT 2016 8 16 229 15.7 30.6 24.2 4.9 2.9 1.8 19.3 400.0 
clima_RAIMAT 2016 8 17 230 17.2 33.3 21.9 4.4 0.1 1.5 21.2 400.0 
clima_RAIMAT 2016 8 18 231 19.0 32.5 24.3 4.7 0.0 1.4 22.5 400.0 
clima_RAIMAT 2016 8 19 232 19.5 35.2 24.6 4.9 0.0 1.6 24.7 400.0 
clima_RAIMAT 2016 8 20 233 18.4 30.0 18.4 3.8 0.0 2.1 19.6 400.0 
clima_RAIMAT 2016 8 21 234 12.6 29.3 26.3 4.8 0.0 1.6 14.6 400.0 
clima_RAIMAT 2016 8 22 235 12.2 32.4 25.6 4.8 0.0 1.1 17.8 400.0 
clima_RAIMAT 2016 8 23 236 17.2 32.9 25.3 5.4 0.0 1.8 17.5 400.0 
clima_RAIMAT 2016 8 24 237 14.3 32.9 25.5 5.5 0.0 1.6 13.7 400.0 
clima_RAIMAT 2016 8 25 238 13.0 32.9 25.4 5.5 0.0 1.6 13.4 400.0 
clima_RAIMAT 2016 8 26 239 14.3 32.4 25.2 5.4 0.0 1.7 15.5 400.0 
clima_RAIMAT 2016 8 27 240 14.8 32.6 22.9 4.8 0.0 1.8 18.5 400.0 
clima_RAIMAT 2016 8 28 241 19.4 33.6 23.1 4.9 0.0 1.9 22.8 400.0 
clima_RAIMAT 2016 8 29 242 18.6 28.7 14.6 3.0 0.0 1.4 19.0 400.0 
clima_RAIMAT 2016 8 30 243 13.5 27.2 18.5 3.5 0.0 1.5 16.2 400.0 
clima_RAIMAT 2016 8 31 244 18.3 30.1 21.7 4.4 0.0 1.6 21.1 400.0 
clima_RAIMAT 2016 9 1 245 16.7 32.7 23.0 4.6 0.0 1.3 19.6 400.0 
clima_RAIMAT 2016 9 2 246 17.3 34.4 22.6 4.6 0.0 1.4 20.0 400.0 
clima_RAIMAT 2016 9 3 247 18.3 36.0 21.2 4.3 0.0 1.4 21.2 400.0 
clima_RAIMAT 2016 9 4 248 17.4 36.6 19.6 4.1 0.0 1.0 21.7 400.0 
clima_RAIMAT 2016 9 5 249 18.2 34.4 22.2 5.3 0.0 1.9 17.4 400.0 
clima_RAIMAT 2016 9 6 250 14.0 34.6 22.9 4.5 0.0 1.5 16.7 400.0 
clima_RAIMAT 2016 9 7 251 20.2 30.7 21.7 4.5 0.0 2.6 20.8 400.0 
clima_RAIMAT 2016 9 8 252 18.7 27.6 14.3 2.8 0.0 1.9 21.0 400.0 
clima_RAIMAT 2016 9 9 253 18.2 31.5 16.8 3.4 0.0 1.5 22.6 400.0 
clima_RAIMAT 2016 9 10 254 16.5 29.1 21.6 3.9 1.9 1.4 20.5 400.0 
clima_RAIMAT 2016 9 11 255 15.4 32.5 21.7 4.0 0.0 1.1 19.3 400.0 
clima_RAIMAT 2016 9 12 256 19.4 31.1 21.0 4.4 0.0 2.5 20.2 400.0 
clima_RAIMAT 2016 9 13 257 16.0 29.5 19.0 4.2 2.9 3.6 19.4 400.0 
clima_RAIMAT 2016 9 14 258 9.3 22.5 19.5 3.4 0.2 2.1 13.0 400.0 
clima_RAIMAT 2016 9 15 259 8.1 22.3 16.6 2.9 0.0 0.9 11.6 400.0 
clima_RAIMAT 2016 9 16 260 10.7 24.9 21.0 3.7 0.0 2.5 13.6 400.0 
clima_RAIMAT 2016 9 17 261 11.3 22.6 15.9 3.0 0.0 3.3 12.2 400.0 
clima_RAIMAT 2016 9 18 262 5.9 24.4 21.6 3.7 0.0 1.9 10.8 400.0 
clima_RAIMAT 2016 9 19 263 7.8 25.2 21.1 3.6 0.0 1.6 12.8 400.0 
clima_RAIMAT 2016 9 20 264 9.8 21.9 14.1 2.4 0.0 1.2 13.5 400.0 
clima_RAIMAT 2016 9 21 265 7.7 26.3 20.7 3.4 0.0 1.2 13.4 400.0 
clima_RAIMAT 2016 9 22 266 12.6 27.1 18.4 3.3 0.0 2.1 15.5 400.0 
clima_RAIMAT 2016 9 23 267 15.2 26.3 14.6 2.9 0.0 2.4 17.1 400.0 
clima_RAIMAT 2016 9 24 268 10.7 26.6 19.4 3.5 0.0 1.2 14.6 400.0 
clima_RAIMAT 2016 9 25 269 16.3 25.5 16.4 2.9 0.0 1.9 17.0 400.0 
clima_RAIMAT 2016 9 26 270 14.4 25.5 15.9 2.8 0.0 1.4 16.5 400.0 
clima_RAIMAT 2016 9 27 271 14.4 25.8 18.7 3.2 0.0 1.2 16.7 400.0 
clima_RAIMAT 2016 9 28 272 12.6 26.5 18.4 3.3 0.0 1.2 15.5 400.0 
clima_RAIMAT 2016 9 29 273 9.9 28.4 18.8 3.2 0.0 1.1 16.0 400.0 
clima_RAIMAT 2016 9 30 274 14.0 26.7 18.8 3.5 0.0 2.0 15.5 400.0 
clima_RAIMAT 2016 10 1 275 15.6 26.9 16.9 3.1 0.0 1.8 16.4 400.0 
clima_RAIMAT 2016 10 2 276 12.8 25.8 16.0 2.8 0.0 1.6 16.3 400.0 
clima_RAIMAT 2016 10 3 277 17.1 26.8 15.7 3.1 0.0 2.4 19.5 400.0 
clima_RAIMAT 2016 10 4 278 16.4 27.6 17.0 3.1 0.0 1.6 19.8 400.0 
clima_RAIMAT 2016 10 5 279 15.9 25.4 13.7 2.5 0.0 1.2 18.0 400.0 
clima_RAIMAT 2016 10 6 280 13.4 21.5 7.4 1.3 0.9 1.7 16.7 400.0 
clima_RAIMAT 2016 10 7 281 11.0 24.3 16.9 2.8 0.0 0.9 15.5 400.0 
clima_RAIMAT 2016 10 8 282 8.9 23.8 16.5 2.7 0.0 1.3 12.1 400.0 
clima_RAIMAT 2016 10 9 283 7.6 22.7 16.5 2.5 0.0 1.3 12.4 400.0 
clima_RAIMAT 2016 10 10 284 5.5 19.8 16.8 2.5 0.0 1.3 9.9 400.0 
clima_RAIMAT 2016 10 11 285 3.5 19.2 15.7 2.3 0.0 1.6 8.9 400.0 
clima_RAIMAT 2016 10 12 286 12.7 16.2 3.7 1.0 0.5 3.8 11.8 400.0 
clima_RAIMAT 2016 10 13 287 13.0 20.3 6.4 1.2 17.5 1.4 16.5 400.0 
clima_RAIMAT 2016 10 14 288 7.8 19.5 8.9 1.3 4.1 2.1 13.1 400.0 
clima_RAIMAT 2016 10 15 289 6.9 21.7 16.0 2.4 0.0 1.1 12.2 400.0 
clima_RAIMAT 2016 10 16 290 8.2 22.5 13.5 2.2 0.0 1.4 12.7 400.0 
clima_RAIMAT 2016 10 17 291 14.0 19.4 6.0 1.1 0.1 1.3 15.8 400.0 
clima_RAIMAT 2016 10 18 292 10.0 20.1 10.1 1.6 0.0 1.1 15.0 400.0 
clima_RAIMAT 2016 10 19 293 7.2 19.7 14.2 1.7 0.0 0.9 12.9 400.0 
clima_RAIMAT 2016 10 20 294 5.0 18.6 15.2 2.0 0.0 1.3 10.4 400.0 
clima_RAIMAT 2016 10 21 295 2.3 17.2 15.3 2.0 0.0 1.3 8.6 400.0 
clima_RAIMAT 2016 10 22 296 12.4 18.8 5.8 1.1 0.7 2.1 14.2 400.0 
clima_RAIMAT 2016 10 23 297 14.4 24.4 12.6 2.2 0.0 2.7 16.9 400.0 
clima_RAIMAT 2016 10 24 298 13.5 22.9 5.6 1.1 5.3 2.0 17.8 400.0 
clima_RAIMAT 2016 10 25 299 13.5 22.4 8.5 1.5 0.0 1.3 17.9 400.0 
clima_RAIMAT 2016 10 26 300 11.3 21.9 9.3 1.4 0.0 0.9 17.0 400.0 
clima_RAIMAT 2016 10 27 301 10.7 19.7 5.5 0.8 0.1 0.9 16.1 400.0 
clima_RAIMAT 2016 10 28 302 7.6 20.6 9.5 1.5 0.1 0.6 14.0 400.0 
clima_RAIMAT 2016 10 29 303 6.7 12.6 3.9 0.6 0.2 0.6 11.6 400.0 
clima_RAIMAT 2016 10 30 304 9.9 11.6 2.6 0.4 0.4 0.6 12.5 400.0 
clima_RAIMAT 2016 10 31 305 7.5 20.0 9.1 1.3 0.1 0.6 14.1 400.0 
clima_RAIMAT 2016 11 1 306 6.6 18.5 10.7 1.5 0.0 0.9 12.9 400.0 
clima_RAIMAT 2016 11 2 307 6.7 10.5 2.5 0.4 0.2 0.6 10.8 400.0 
clima_RAIMAT 2016 11 3 308 5.3 13.4 3.2 0.5 0.1 0.6 11.2 400.0 
clima_RAIMAT 2016 11 4 309 3.9 11.9 3.3 0.4 6.1 0.9 10.2 400.0 
clima_RAIMAT 2016 11 5 310 8.4 18.3 4.6 0.8 5.3 2.1 14.1 400.0 
clima_RAIMAT 2016 11 6 311 6.1 13.4 12.6 1.6 0.0 3.7 8.7 400.0 
clima_RAIMAT 2016 11 7 312 2.9 12.5 11.7 1.4 0.0 2.7 7.5 400.0 
clima_RAIMAT 2016 11 8 313 -1.8 12.2 12.8 1.5 0.0 3.4 6.6 400.0 
clima_RAIMAT 2016 11 9 314 5.2 15.2 12.3 1.8 0.4 4.6 8.7 400.0 
clima_RAIMAT 2016 11 10 315 1.7 16.2 10.9 1.6 0.0 3.1 8.0 400.0 
clima_RAIMAT 2016 11 11 316 5.8 17.1 11.6 1.7 0.0 2.7 9.6 400.0 
clima_RAIMAT 2016 11 12 317 4.3 15.4 10.8 1.4 0.0 0.9 10.1 400.0 
clima_RAIMAT 2016 11 13 318 4.2 17.3 8.9 1.2 0.0 0.9 10.3 400.0 
clima_RAIMAT 2016 11 14 319 2.7 17.1 11.3 1.5 0.0 1.6 8.8 400.0 
clima_RAIMAT 2016 11 15 320 -0.8 14.1 11.3 1.2 0.0 1.1 7.8 400.0 
clima_RAIMAT 2016 11 16 321 -0.6 13.9 10.6 1.2 0.0 0.8 7.9 400.0 
clima_RAIMAT 2016 11 17 322 -0.3 15.9 10.2 1.2 0.0 0.8 8.6 400.0 
clima_RAIMAT 2016 11 18 323 1.5 14.0 6.6 0.8 0.0 0.6 9.1 400.0 
clima_RAIMAT 2016 11 19 324 1.1 15.8 10.0 1.2 0.0 1.2 8.8 400.0 
clima_RAIMAT 2016 11 20 325 3.0 13.6 4.6 0.6 0.0 1.3 8.4 400.0 
clima_RAIMAT 2016 11 21 326 10.5 16.3 2.6 0.6 8.4 2.4 13.4 400.0 
clima_RAIMAT 2016 11 22 327 9.1 13.0 2.1 0.3 20.8 1.5 12.6 400.0 
clima_RAIMAT 2016 11 23 328 4.8 16.5 1.6 0.4 20.7 2.7 12.0 400.0 
clima_RAIMAT 2016 11 24 329 0.4 11.2 7.9 0.9 0.1 0.8 7.9 400.0 
clima_RAIMAT 2016 11 25 330 -0.5 5.1 2.7 0.3 0.1 0.9 7.0 400.0 
clima_RAIMAT 2016 11 26 331 1.3 11.6 1.9 0.5 7.6 3.5 7.7 400.0 
clima_RAIMAT 2016 11 27 332 4.6 12.2 2.2 0.4 1.8 2.4 9.0 400.0 
clima_RAIMAT 2016 11 28 333 1.4 13.4 9.9 1.1 0.2 0.9 9.3 400.0 
clima_RAIMAT 2016 11 29 334 3.7 12.3 6.0 0.7 0.2 1.4 9.9 400.0 
clima_RAIMAT 2016 11 30 335 2.5 14.1 9.5 1.1 0.0 2.0 8.3 400.0 
clima_RAIMAT 2016 12 1 336 -0.6 12.7 9.2 1.0 0.0 0.6 8.3 400.0 
clima_RAIMAT 2016 12 2 337 0.7 4.8 3.2 0.3 0.2 0.7 7.2 400.0 
clima_RAIMAT 2016 12 3 338 2.1 10.0 6.7 0.6 0.1 1.4 8.5 400.0 
clima_RAIMAT 2016 12 4 339 9.4 15.1 6.6 1.0 0.1 4.4 10.5 400.0 
clima_RAIMAT 2016 12 5 340 6.3 16.7 8.1 1.2 0.0 2.8 9.6 400.0 
clima_RAIMAT 2016 12 6 341 2.5 13.8 8.9 1.0 0.0 1.1 9.5 400.0 
clima_RAIMAT 2016 12 7 342 0.7 13.5 7.6 0.8 0.3 0.7 9.4 400.0 
clima_RAIMAT 2016 12 8 343 3.6 6.0 2.7 0.3 0.4 0.6 8.4 400.0 
clima_RAIMAT 2016 12 9 344 3.0 5.3 2.1 0.2 0.2 0.6 8.0 400.0 
clima_RAIMAT 2016 12 10 345 3.1 4.7 2.1 0.2 0.3 0.6 7.9 400.0 
clima_RAIMAT 2016 12 11 346 3.3 4.7 1.5 0.2 0.4 0.7 8.0 400.0 
clima_RAIMAT 2016 12 12 347 2.0 3.5 1.4 0.2 0.2 0.7 7.3 400.0 
clima_RAIMAT 2016 12 13 348 0.8 3.2 2.5 0.3 0.1 0.5 6.9 400.0 
clima_RAIMAT 2016 12 14 349 1.0 8.9 6.3 0.5 0.2 0.6 8.3 400.0 
clima_RAIMAT 2016 12 15 350 2.3 5.4 2.3 0.2 0.2 0.7 7.9 400.0 
clima_RAIMAT 2016 12 16 351 4.0 11.8 2.0 0.4 2.6 2.8 9.3 400.0 
clima_RAIMAT 2016 12 17 352 2.8 14.6 8.0 1.0 0.0 2.2 8.2 400.0 
clima_RAIMAT 2016 12 18 353 -0.7 12.8 9.0 1.0 0.1 1.1 7.7 400.0 
clima_RAIMAT 2016 12 19 354 -1.7 6.1 4.8 0.4 0.2 0.9 6.8 400.0 
clima_RAIMAT 2016 12 20 355 1.1 7.5 5.0 0.5 0.0 1.0 7.9 400.0 
clima_RAIMAT 2016 12 21 356 -1.1 9.4 5.3 0.5 0.1 1.0 7.6 400.0 
clima_RAIMAT 2016 12 22 357 -3.0 6.6 5.4 0.5 0.1 0.7 6.5 400.0 
clima_RAIMAT 2016 12 23 358 4.1 6.1 1.9 0.2 0.2 0.6 8.5 400.0 
clima_RAIMAT 2016 12 24 359 4.3 5.2 1.3 0.2 0.1 0.7 8.4 400.0 
clima_RAIMAT 2016 12 25 360 3.6 6.3 2.3 0.3 0.1 1.0 8.5 400.0 
clima_RAIMAT 2016 12 26 361 3.9 5.3 1.5 0.2 0.3 0.6 8.3 400.0 
clima_RAIMAT 2016 12 27 362 3.1 4.2 1.2 0.2 0.1 0.8 7.8 400.0 
clima_RAIMAT 2016 12 28 363 0.6 3.2 1.6 0.2 0.1 0.7 6.9 400.0 
clima_RAIMAT 2016 12 29 364 -0.8 1.1 1.4 0.2 0.1 0.9 6.1 400.0 
clima_RAIMAT 2016 12 30 365 -1.3 0.7 2.0 0.2 0.2 0.6 5.9 400.0 
clima_RAIMAT 2016 12 31 366 0.6 2.1 1.9 0.2 0.1 0.6 6.6 400.0 
