clima_RAIMAT 2018 1 1 1 4.3 12.6 8.2 1.0 0.0 3.5 7.2 400.0 
clima_RAIMAT 2018 1 2 2 7.0 15.4 7.7 1.1 0.0 4.6 9.3 400.0 
clima_RAIMAT 2018 1 3 3 9.5 19.4 8.9 1.5 0.0 4.6 11.5 400.0 
clima_RAIMAT 2018 1 4 4 9.7 18.9 9.3 1.5 0.0 4.4 10.3 400.0 
clima_RAIMAT 2018 1 5 5 2.3 17.0 8.8 1.1 0.0 1.4 8.4 400.0 
clima_RAIMAT 2018 1 6 6 4.5 12.1 2.3 0.6 5.5 4.1 8.1 400.0 
clima_RAIMAT 2018 1 7 7 2.2 9.3 3.3 0.4 5.1 1.5 8.5 400.0 
clima_RAIMAT 2018 1 8 8 0.9 4.9 1.8 0.2 0.0 1.4 7.3 400.0 
clima_RAIMAT 2018 1 9 9 -2.1 7.1 6.5 0.6 0.2 0.9 7.0 400.0 
clima_RAIMAT 2018 1 10 10 -2.1 10.2 8.9 0.9 0.0 0.9 7.3 400.0 
clima_RAIMAT 2018 1 11 11 2.2 10.1 8.5 0.9 0.0 4.2 6.9 400.0 
clima_RAIMAT 2018 1 12 12 -2.7 10.2 9.3 0.9 0.1 1.2 7.1 400.0 
clima_RAIMAT 2018 1 13 13 -1.8 9.8 4.6 0.7 1.0 1.7 6.6 400.0 
clima_RAIMAT 2018 1 14 14 -0.6 7.8 5.0 0.6 0.7 2.3 7.0 400.0 
clima_RAIMAT 2018 1 15 15 -2.1 7.2 4.3 0.5 0.1 0.8 7.0 400.0 
clima_RAIMAT 2018 1 16 16 1.4 15.1 10.3 1.4 0.0 4.4 7.7 400.0 
clima_RAIMAT 2018 1 17 17 3.2 14.0 10.7 1.8 0.0 6.2 7.0 400.0 
clima_RAIMAT 2018 1 18 18 -2.2 11.2 10.5 1.1 0.0 1.1 7.0 400.0 
clima_RAIMAT 2018 1 19 19 -1.5 13.9 9.7 1.0 0.0 1.6 7.6 400.0 
clima_RAIMAT 2018 1 20 20 1.6 15.2 10.4 1.6 0.0 4.0 7.4 400.0 
clima_RAIMAT 2018 1 21 21 11.2 19.9 10.7 1.9 0.0 5.4 11.6 400.0 
clima_RAIMAT 2018 1 22 22 5.7 17.6 10.8 1.6 0.0 3.3 9.7 400.0 
clima_RAIMAT 2018 1 23 23 2.5 16.2 8.4 1.0 0.0 1.2 10.1 400.0 
clima_RAIMAT 2018 1 24 24 1.8 16.3 10.5 1.3 0.0 1.0 9.6 400.0 
clima_RAIMAT 2018 1 25 25 1.4 13.8 7.0 0.9 4.4 1.5 9.2 400.0 
clima_RAIMAT 2018 1 26 26 3.1 7.9 1.6 0.3 3.6 2.2 7.8 400.0 
clima_RAIMAT 2018 1 27 27 -0.1 8.0 5.5 0.6 0.0 1.3 6.8 400.0 
clima_RAIMAT 2018 1 28 28 0.1 12.0 10.7 1.2 0.0 0.8 7.7 400.0 
clima_RAIMAT 2018 1 29 29 -1.2 13.1 11.4 1.2 0.1 0.9 8.1 400.0 
clima_RAIMAT 2018 1 30 30 -0.5 10.6 7.5 0.7 0.1 0.6 8.4 400.0 
clima_RAIMAT 2018 1 31 31 -2.1 4.9 5.0 0.5 0.4 0.6 6.7 400.0 
clima_RAIMAT 2018 2 1 32 0.6 5.1 2.9 0.3 0.2 1.3 7.2 400.0 
clima_RAIMAT 2018 2 2 33 -1.1 12.1 11.9 1.4 0.0 2.1 6.0 400.0 
clima_RAIMAT 2018 2 3 34 -0.6 10.1 11.3 1.2 0.0 4.1 6.2 400.0 
clima_RAIMAT 2018 2 4 35 0.9 5.9 2.1 0.3 11.7 3.0 7.1 400.0 
clima_RAIMAT 2018 2 5 36 3.9 7.1 3.2 0.4 4.3 3.8 8.1 400.0 
clima_RAIMAT 2018 2 6 37 0.5 6.1 3.7 0.5 2.3 2.1 6.4 400.0 
clima_RAIMAT 2018 2 7 38 -2.0 8.6 13.8 1.4 0.0 2.2 5.0 400.0 
clima_RAIMAT 2018 2 8 39 -5.8 4.9 8.3 0.8 0.0 0.9 4.8 400.0 
clima_RAIMAT 2018 2 9 40 -6.1 7.8 11.8 1.0 0.0 1.2 5.1 400.0 
clima_RAIMAT 2018 2 10 41 -1.2 10.6 14.6 1.8 0.0 3.1 4.5 400.0 
clima_RAIMAT 2018 2 11 42 -2.9 15.1 11.5 1.4 0.0 1.7 7.0 400.0 
clima_RAIMAT 2018 2 12 43 -1.4 12.9 12.6 1.7 0.0 3.7 5.8 400.0 
clima_RAIMAT 2018 2 13 44 -6.3 4.8 8.0 0.7 0.1 1.4 4.6 400.0 
clima_RAIMAT 2018 2 14 45 2.0 10.2 6.7 0.8 0.0 1.4 7.3 400.0 
clima_RAIMAT 2018 2 15 46 1.5 18.4 13.8 1.8 0.0 1.2 9.7 400.0 
clima_RAIMAT 2018 2 16 47 7.5 14.9 6.4 0.9 0.5 0.8 12.0 400.0 
clima_RAIMAT 2018 2 17 48 2.9 16.2 11.1 1.5 0.2 2.4 9.2 400.0 
clima_RAIMAT 2018 2 18 49 -2.0 14.2 14.1 1.6 0.0 1.7 6.8 400.0 
clima_RAIMAT 2018 2 19 50 0.0 14.6 14.4 1.8 0.0 1.2 8.0 400.0 
clima_RAIMAT 2018 2 20 51 1.9 17.1 9.3 1.4 0.0 2.6 8.8 400.0 
clima_RAIMAT 2018 2 21 52 -0.2 14.3 14.5 2.0 0.0 2.0 5.8 400.0 
clima_RAIMAT 2018 2 22 53 -3.9 12.2 16.2 1.7 0.0 1.9 4.8 400.0 
clima_RAIMAT 2018 2 23 54 -6.5 9.3 16.4 1.6 0.0 1.4 4.1 400.0 
clima_RAIMAT 2018 2 24 55 -5.9 10.5 15.9 1.5 0.0 0.8 5.0 400.0 
clima_RAIMAT 2018 2 25 56 -4.7 13.6 16.5 1.8 0.0 1.4 5.3 400.0 
clima_RAIMAT 2018 2 26 57 -2.3 11.7 16.5 1.9 0.0 2.0 5.0 400.0 
clima_RAIMAT 2018 2 27 58 -4.9 3.4 9.2 0.9 0.8 2.1 4.1 400.0 
clima_RAIMAT 2018 2 28 59 -0.8 7.0 5.2 0.4 7.2 6.7 7.2 400.0 
clima_RAIMAT 2018 3 1 60 6.6 13.9 6.9 0.9 2.6 4.1 10.6 400.0 
clima_RAIMAT 2018 3 2 61 3.4 11.3 10.8 1.7 1.6 3.4 6.4 400.0 
clima_RAIMAT 2018 3 3 62 3.3 16.5 16.4 2.2 0.0 2.1 8.8 400.0 
clima_RAIMAT 2018 3 4 63 3.9 14.5 8.9 1.4 0.1 1.3 8.7 400.0 
clima_RAIMAT 2018 3 5 64 3.3 13.6 11.7 1.4 3.0 2.3 9.1 400.0 
clima_RAIMAT 2018 3 6 65 0.9 13.9 14.9 2.0 0.0 2.7 7.4 400.0 
clima_RAIMAT 2018 3 7 66 0.9 13.1 19.2 2.4 0.0 3.8 6.2 400.0 
clima_RAIMAT 2018 3 8 67 3.9 15.1 14.0 2.1 0.0 1.9 7.2 400.0 
clima_RAIMAT 2018 3 9 68 3.5 19.9 15.8 2.4 1.4 1.3 9.6 400.0 
clima_RAIMAT 2018 3 10 69 9.3 21.3 9.6 1.9 10.3 2.4 13.7 400.0 
clima_RAIMAT 2018 3 11 70 5.4 16.2 15.0 2.2 0.1 2.4 9.3 400.0 
clima_RAIMAT 2018 3 12 71 5.6 15.6 19.3 2.6 0.0 3.3 8.0 400.0 
clima_RAIMAT 2018 3 13 72 3.3 14.7 13.3 1.9 0.2 1.1 8.8 400.0 
clima_RAIMAT 2018 3 14 73 2.0 16.1 11.4 1.9 0.2 2.3 8.7 400.0 
clima_RAIMAT 2018 3 15 74 6.0 16.4 16.6 2.4 2.4 1.8 9.8 400.0 
clima_RAIMAT 2018 3 16 75 2.7 14.4 20.9 2.8 0.0 2.4 7.3 400.0 
clima_RAIMAT 2018 3 17 76 2.5 9.8 7.8 1.0 3.8 1.9 7.6 400.0 
clima_RAIMAT 2018 3 18 77 0.4 13.2 20.9 2.4 0.0 3.8 6.9 400.0 
clima_RAIMAT 2018 3 19 78 0.2 12.3 13.3 1.8 1.9 2.9 6.9 400.0 
clima_RAIMAT 2018 3 20 79 0.5 14.8 18.2 2.4 0.0 4.1 6.3 400.0 
clima_RAIMAT 2018 3 21 80 -1.0 13.1 19.4 2.8 0.0 3.7 4.1 400.0 
clima_RAIMAT 2018 3 22 81 -2.3 13.8 19.9 2.7 0.0 3.4 4.5 400.0 
clima_RAIMAT 2018 3 23 82 -2.1 17.7 18.3 2.8 0.0 2.1 5.8 400.0 
clima_RAIMAT 2018 3 24 83 5.3 10.8 4.3 0.7 16.1 2.3 9.1 400.0 
clima_RAIMAT 2018 3 25 84 4.0 14.0 16.0 2.1 0.0 1.7 8.6 400.0 
clima_RAIMAT 2018 3 26 85 1.1 16.5 21.0 2.8 0.0 3.1 7.8 400.0 
clima_RAIMAT 2018 3 27 86 1.7 18.8 18.9 2.9 0.0 3.4 8.4 400.0 
clima_RAIMAT 2018 3 28 87 4.0 22.4 22.8 3.7 0.0 1.8 8.8 400.0 
clima_RAIMAT 2018 3 29 88 7.6 18.2 20.4 3.1 0.0 2.1 9.1 400.0 
clima_RAIMAT 2018 3 30 89 6.0 14.9 19.8 2.9 0.0 2.2 7.0 400.0 
clima_RAIMAT 2018 3 31 90 4.3 13.8 22.7 2.9 0.2 5.1 6.3 400.0 
clima_RAIMAT 2018 4 1 91 -0.5 16.7 22.3 3.1 0.0 1.6 6.4 400.0 
clima_RAIMAT 2018 4 2 92 8.4 18.9 13.8 2.6 0.0 3.1 7.5 400.0 
clima_RAIMAT 2018 4 3 93 7.5 21.4 20.8 3.3 0.0 1.7 10.0 400.0 
clima_RAIMAT 2018 4 4 94 6.0 18.8 19.1 3.2 0.0 2.4 8.9 400.0 
clima_RAIMAT 2018 4 5 95 5.2 19.8 23.7 3.1 0.0 1.6 9.7 400.0 
clima_RAIMAT 2018 4 6 96 8.2 20.6 17.9 3.2 0.8 4.4 9.7 400.0 
clima_RAIMAT 2018 4 7 97 11.7 19.3 12.0 2.5 1.4 5.1 10.7 400.0 
clima_RAIMAT 2018 4 8 98 7.8 13.0 8.6 1.2 8.3 2.3 10.8 400.0 
clima_RAIMAT 2018 4 9 99 3.8 16.0 13.7 2.0 5.9 1.7 10.5 400.0 
clima_RAIMAT 2018 4 10 100 2.5 12.7 9.8 1.3 8.7 3.1 9.3 400.0 
clima_RAIMAT 2018 4 11 101 4.9 10.8 8.4 1.1 18.8 2.7 9.4 400.0 
clima_RAIMAT 2018 4 12 102 1.8 16.1 20.9 2.8 0.1 1.9 9.3 400.0 
clima_RAIMAT 2018 4 13 103 7.8 14.9 10.7 1.5 10.9 2.9 11.4 400.0 
clima_RAIMAT 2018 4 14 104 5.1 15.4 12.6 1.9 0.1 1.1 10.7 400.0 
clima_RAIMAT 2018 4 15 105 5.0 20.5 24.8 3.7 0.0 1.8 11.2 400.0 
clima_RAIMAT 2018 4 16 106 10.5 17.6 9.0 1.4 13.6 2.0 13.9 400.0 
clima_RAIMAT 2018 4 17 107 5.7 21.8 24.1 3.7 0.0 1.0 12.4 400.0 
clima_RAIMAT 2018 4 18 108 8.5 25.3 25.1 4.5 0.0 1.6 12.7 400.0 
clima_RAIMAT 2018 4 19 109 9.4 23.4 22.2 4.0 0.0 1.8 11.9 400.0 
clima_RAIMAT 2018 4 20 110 9.1 23.1 24.7 4.3 0.0 1.6 12.2 400.0 
clima_RAIMAT 2018 4 21 111 8.0 23.8 24.3 4.2 0.0 1.3 12.3 400.0 
clima_RAIMAT 2018 4 22 112 9.7 23.0 19.1 3.5 0.0 1.7 11.5 400.0 
clima_RAIMAT 2018 4 23 113 12.0 19.5 8.4 1.6 0.1 1.4 13.6 400.0 
clima_RAIMAT 2018 4 24 114 10.0 26.4 25.0 4.5 0.0 1.1 13.6 400.0 
clima_RAIMAT 2018 4 25 115 9.9 27.4 25.5 4.7 0.0 1.6 13.5 400.0 
clima_RAIMAT 2018 4 26 116 10.3 23.4 26.4 4.2 0.0 2.1 13.0 400.0 
clima_RAIMAT 2018 4 27 117 10.0 25.5 21.0 3.7 0.1 1.4 15.4 400.0 
clima_RAIMAT 2018 4 28 118 13.0 22.1 18.3 3.2 5.6 2.9 15.4 400.0 
clima_RAIMAT 2018 4 29 119 8.0 14.8 13.1 1.9 17.0 2.1 11.0 400.0 
clima_RAIMAT 2018 4 30 120 5.5 16.5 25.5 3.5 0.0 1.9 8.7 400.0 
clima_RAIMAT 2018 5 1 121 3.6 17.8 25.6 3.5 0.2 2.0 9.3 400.0 
clima_RAIMAT 2018 5 2 122 1.7 19.5 28.0 4.3 0.0 2.6 8.3 400.0 
clima_RAIMAT 2018 5 3 123 8.5 20.6 22.3 3.8 0.0 3.7 10.6 400.0 
clima_RAIMAT 2018 5 4 124 6.5 22.1 23.1 3.7 0.0 2.4 10.1 400.0 
clima_RAIMAT 2018 5 5 125 6.4 19.5 20.7 3.2 0.0 1.5 11.0 400.0 
clima_RAIMAT 2018 5 6 126 8.6 23.1 21.7 3.6 0.1 1.0 13.5 400.0 
clima_RAIMAT 2018 5 7 127 14.4 24.0 17.0 3.0 1.3 1.1 18.0 400.0 
clima_RAIMAT 2018 5 8 128 13.4 26.0 25.1 4.4 0.2 1.3 16.5 400.0 
clima_RAIMAT 2018 5 9 129 10.2 25.0 25.0 3.9 0.0 1.8 14.7 400.0 
clima_RAIMAT 2018 5 10 130 10.2 23.0 22.5 3.7 0.0 1.6 12.6 400.0 
clima_RAIMAT 2018 5 11 131 6.8 25.7 28.5 4.8 0.0 1.2 12.7 400.0 
clima_RAIMAT 2018 5 12 132 9.0 23.5 16.3 2.8 9.5 2.5 13.8 400.0 
clima_RAIMAT 2018 5 13 133 5.9 17.3 30.5 4.3 0.0 5.1 7.5 400.0 
clima_RAIMAT 2018 5 14 134 5.7 18.9 25.6 4.0 0.0 3.2 8.6 400.0 
clima_RAIMAT 2018 5 15 135 5.0 23.2 29.5 4.6 0.0 2.1 10.1 400.0 
clima_RAIMAT 2018 5 16 136 8.7 24.7 29.7 4.6 0.0 1.5 12.3 400.0 
clima_RAIMAT 2018 5 17 137 12.5 25.2 27.1 4.6 0.0 1.5 14.1 400.0 
clima_RAIMAT 2018 5 18 138 12.9 24.0 24.4 4.3 0.0 1.6 13.8 400.0 
clima_RAIMAT 2018 5 19 139 14.5 25.8 24.8 4.5 11.9 1.5 17.5 400.0 
clima_RAIMAT 2018 5 20 140 13.0 22.7 21.4 3.6 0.2 1.3 16.1 400.0 
clima_RAIMAT 2018 5 21 141 11.2 24.8 26.7 4.8 0.6 1.6 15.1 400.0 
clima_RAIMAT 2018 5 22 142 11.4 25.8 28.9 4.9 0.0 1.4 16.1 400.0 
clima_RAIMAT 2018 5 23 143 13.2 26.9 26.0 4.7 0.0 1.6 17.1 400.0 
clima_RAIMAT 2018 5 24 144 13.6 28.4 28.9 5.6 0.0 2.1 15.7 400.0 
clima_RAIMAT 2018 5 25 145 14.2 26.9 26.0 5.2 1.0 3.5 14.5 400.0 
clima_RAIMAT 2018 5 26 146 15.5 25.1 18.2 3.6 0.0 3.2 17.1 400.0 
clima_RAIMAT 2018 5 27 147 12.4 25.6 22.1 4.0 0.1 1.3 16.5 400.0 
clima_RAIMAT 2018 5 28 148 13.8 22.6 8.0 1.3 23.1 1.2 19.4 400.0 
clima_RAIMAT 2018 5 29 149 15.7 25.3 23.0 4.1 0.0 1.8 18.8 400.0 
clima_RAIMAT 2018 5 30 150 13.0 21.2 16.2 2.6 0.1 1.4 16.2 400.0 
clima_RAIMAT 2018 5 31 151 10.5 25.8 28.8 4.9 0.0 1.1 15.6 400.0 
clima_RAIMAT 2018 6 1 152 16.2 27.9 28.8 5.4 0.0 2.0 17.8 400.0 
clima_RAIMAT 2018 6 2 153 13.9 26.9 23.0 4.2 11.7 1.6 17.7 400.0 
clima_RAIMAT 2018 6 3 154 14.1 23.2 14.3 2.6 0.7 1.4 16.8 400.0 
clima_RAIMAT 2018 6 4 155 12.9 26.9 27.0 4.9 0.4 1.8 16.7 400.0 
clima_RAIMAT 2018 6 5 156 15.6 25.6 21.8 3.8 0.0 1.6 17.0 400.0 
clima_RAIMAT 2018 6 6 157 13.5 20.8 15.8 2.7 1.8 1.4 16.4 400.0 
clima_RAIMAT 2018 6 7 158 10.7 25.9 28.0 4.8 0.0 1.3 15.1 400.0 
clima_RAIMAT 2018 6 8 159 14.3 26.6 19.0 3.6 0.0 1.3 16.3 400.0 
clima_RAIMAT 2018 6 9 160 16.4 27.6 17.3 3.8 0.0 1.7 18.0 400.0 
clima_RAIMAT 2018 6 10 161 14.3 21.7 8.6 1.6 1.1 0.9 18.6 400.0 
clima_RAIMAT 2018 6 11 162 15.4 26.5 28.7 5.2 0.2 2.2 16.4 400.0 
clima_RAIMAT 2018 6 12 163 12.7 26.1 21.6 5.4 0.6 1.6 15.1 400.0 
clima_RAIMAT 2018 6 13 164 12.7 26.7 20.3 5.4 0.0 1.6 14.4 400.0 
clima_RAIMAT 2018 6 14 165 11.1 27.6 30.9 5.5 0.0 2.2 13.5 400.0 
clima_RAIMAT 2018 6 15 166 10.9 28.7 29.8 5.4 0.0 1.3 14.5 400.0 
clima_RAIMAT 2018 6 16 167 12.7 29.3 30.3 5.6 0.0 1.5 15.4 400.0 
clima_RAIMAT 2018 6 17 168 11.5 28.4 30.1 5.5 0.0 2.1 12.8 400.0 
clima_RAIMAT 2018 6 18 169 10.7 31.2 31.0 5.8 0.0 1.8 12.9 400.0 
clima_RAIMAT 2018 6 19 170 12.7 30.6 31.0 5.6 0.0 1.1 16.6 400.0 
clima_RAIMAT 2018 6 20 171 18.8 33.1 30.3 6.3 0.0 1.7 17.1 400.0 
clima_RAIMAT 2018 6 21 172 16.1 34.9 30.1 6.0 0.0 1.2 15.3 400.0 
clima_RAIMAT 2018 6 22 173 17.2 34.0 30.6 6.4 0.0 1.9 17.4 400.0 
clima_RAIMAT 2018 6 23 174 16.1 31.7 31.1 5.9 0.0 1.7 18.4 400.0 
clima_RAIMAT 2018 6 24 175 18.3 31.0 24.8 4.8 0.0 1.6 20.8 400.0 
clima_RAIMAT 2018 6 25 176 17.7 32.7 30.3 5.9 0.0 1.9 20.2 400.0 
clima_RAIMAT 2018 6 26 177 18.7 32.1 30.1 6.1 0.0 2.1 19.8 400.0 
clima_RAIMAT 2018 6 27 178 17.5 33.3 26.3 5.5 0.0 1.6 20.4 400.0 
clima_RAIMAT 2018 6 28 179 18.1 31.9 23.7 4.9 0.0 2.1 22.5 400.0 
clima_RAIMAT 2018 6 29 180 17.7 30.9 24.7 5.1 0.0 2.0 18.8 400.0 
clima_RAIMAT 2018 6 30 181 18.7 32.9 29.4 6.4 0.0 2.3 17.3 400.0 
clima_RAIMAT 2018 7 1 182 16.2 33.7 25.7 5.3 0.0 1.4 17.7 400.0 
clima_RAIMAT 2018 7 2 183 19.3 32.5 30.0 6.1 0.0 1.7 20.7 400.0 
clima_RAIMAT 2018 7 3 184 19.2 33.8 29.3 6.1 0.0 1.6 19.0 400.0 
clima_RAIMAT 2018 7 4 185 19.5 31.6 30.0 6.4 0.0 2.5 17.3 400.0 
clima_RAIMAT 2018 7 5 186 16.8 29.5 30.9 6.1 0.0 2.7 15.9 400.0 
clima_RAIMAT 2018 7 6 187 13.3 30.3 30.3 5.6 0.0 1.6 15.7 400.0 
clima_RAIMAT 2018 7 7 188 19.6 32.0 27.4 5.6 1.6 2.0 20.3 400.0 
clima_RAIMAT 2018 7 8 189 16.6 33.3 30.3 6.0 0.0 1.1 19.6 400.0 
clima_RAIMAT 2018 7 9 190 20.0 33.3 27.5 5.7 0.0 1.6 20.6 400.0 
clima_RAIMAT 2018 7 10 191 17.5 32.4 29.8 6.0 0.0 1.6 18.6 400.0 
clima_RAIMAT 2018 7 11 192 16.3 31.4 25.8 5.2 0.4 1.3 18.9 400.0 
clima_RAIMAT 2018 7 12 193 18.3 31.7 29.1 5.8 0.8 1.4 21.2 400.0 
clima_RAIMAT 2018 7 13 194 16.0 32.3 23.7 5.1 0.0 1.6 17.5 400.0 
clima_RAIMAT 2018 7 14 195 17.1 33.5 29.1 6.0 0.0 1.4 17.4 400.0 
clima_RAIMAT 2018 7 15 196 17.6 34.7 30.2 6.2 0.0 1.5 17.0 400.0 
clima_RAIMAT 2018 7 16 197 18.5 29.7 25.7 5.4 0.2 3.0 18.9 400.0 
clima_RAIMAT 2018 7 17 198 13.4 30.8 30.5 5.6 0.0 1.3 17.0 400.0 
clima_RAIMAT 2018 7 18 199 18.7 32.7 27.3 6.1 2.0 2.7 21.5 400.0 
clima_RAIMAT 2018 7 19 200 16.4 33.3 29.2 6.0 0.0 1.6 20.1 400.0 
clima_RAIMAT 2018 7 20 201 14.6 31.8 26.1 5.2 20.3 1.8 20.2 400.0 
clima_RAIMAT 2018 7 21 202 15.2 27.6 24.6 4.6 0.0 1.7 16.8 400.0 
clima_RAIMAT 2018 7 22 203 16.7 27.3 25.7 4.7 0.8 1.4 17.7 400.0 
clima_RAIMAT 2018 7 23 204 14.7 33.1 29.8 5.6 0.0 1.4 19.9 400.0 
clima_RAIMAT 2018 7 24 205 20.5 34.5 28.8 5.9 0.0 2.5 23.5 400.0 
clima_RAIMAT 2018 7 25 206 18.6 32.9 28.2 5.7 0.0 1.5 20.9 400.0 
clima_RAIMAT 2018 7 26 207 19.8 34.8 28.9 6.2 0.0 1.9 17.4 400.0 
clima_RAIMAT 2018 7 27 208 18.4 34.2 26.4 5.6 1.7 2.0 19.8 400.0 
clima_RAIMAT 2018 7 28 209 17.8 34.4 28.6 5.7 0.0 1.6 18.3 400.0 
clima_RAIMAT 2018 7 29 210 21.2 34.1 28.5 5.8 0.0 1.7 23.7 400.0 
clima_RAIMAT 2018 7 30 211 19.4 34.6 27.9 5.8 0.0 1.4 22.8 400.0 
clima_RAIMAT 2018 7 31 212 18.6 34.9 28.2 5.7 0.0 1.3 21.1 400.0 
clima_RAIMAT 2018 8 1 213 19.7 35.9 27.8 5.6 0.0 1.3 20.9 400.0 
clima_RAIMAT 2018 8 2 214 19.8 37.1 27.9 5.8 0.0 1.5 20.2 400.0 
clima_RAIMAT 2018 8 3 215 21.2 37.2 27.8 5.8 0.0 1.5 20.7 400.0 
clima_RAIMAT 2018 8 4 216 20.6 36.9 27.5 5.7 0.0 1.2 20.5 400.0 
clima_RAIMAT 2018 8 5 217 18.8 36.3 27.3 5.6 0.0 1.4 20.2 400.0 
clima_RAIMAT 2018 8 6 218 23.4 36.0 26.8 5.9 0.0 2.0 22.5 400.0 
clima_RAIMAT 2018 8 7 219 22.6 33.8 22.6 5.3 0.0 3.0 22.9 400.0 
clima_RAIMAT 2018 8 8 220 21.3 32.7 20.4 4.8 1.2 3.0 22.8 400.0 
clima_RAIMAT 2018 8 9 221 19.4 30.4 24.2 5.1 0.2 2.4 20.1 400.0 
clima_RAIMAT 2018 8 10 222 15.8 28.4 21.4 4.1 0.0 1.1 17.0 400.0 
clima_RAIMAT 2018 8 11 223 18.9 31.8 25.7 5.2 0.0 1.9 23.3 400.0 
clima_RAIMAT 2018 8 12 224 18.6 34.0 22.3 5.0 11.3 2.4 25.7 400.0 
clima_RAIMAT 2018 8 13 225 17.2 31.3 25.9 5.0 0.0 1.2 20.3 400.0 
clima_RAIMAT 2018 8 14 226 16.8 28.9 27.9 5.2 0.0 2.2 16.7 400.0 
clima_RAIMAT 2018 8 15 227 13.8 29.9 27.5 5.0 0.0 1.2 17.3 400.0 
clima_RAIMAT 2018 8 16 228 18.5 31.3 21.9 4.6 0.3 2.1 22.0 400.0 
clima_RAIMAT 2018 8 17 229 16.4 29.0 21.4 4.2 8.0 1.8 21.8 400.0 
clima_RAIMAT 2018 8 18 230 13.0 27.4 26.9 4.6 0.0 1.2 17.0 400.0 
clima_RAIMAT 2018 8 19 231 14.5 30.1 26.5 5.0 0.0 1.2 18.6 400.0 
clima_RAIMAT 2018 8 20 232 16.6 31.4 25.9 5.1 0.0 1.6 19.4 400.0 
clima_RAIMAT 2018 8 21 233 16.7 32.1 25.0 4.8 0.0 1.3 18.6 400.0 
clima_RAIMAT 2018 8 22 234 16.5 33.1 25.1 5.2 0.0 1.4 18.1 400.0 
clima_RAIMAT 2018 8 23 235 16.5 31.8 23.4 4.8 0.0 1.3 18.7 400.0 
clima_RAIMAT 2018 8 24 236 17.1 29.6 24.9 5.2 0.0 2.7 16.9 400.0 
clima_RAIMAT 2018 8 25 237 12.2 27.2 22.1 4.2 0.0 1.9 12.8 400.0 
clima_RAIMAT 2018 8 26 238 11.2 27.6 25.1 4.4 0.0 1.3 14.2 400.0 
clima_RAIMAT 2018 8 27 239 14.7 32.4 24.8 4.8 0.0 1.2 19.2 400.0 
clima_RAIMAT 2018 8 28 240 19.8 31.0 16.2 3.6 2.0 2.4 23.0 400.0 
clima_RAIMAT 2018 8 29 241 17.1 30.5 23.7 4.6 0.0 1.5 19.7 400.0 
clima_RAIMAT 2018 8 30 242 16.6 30.0 21.9 4.1 0.0 1.3 20.9 400.0 
clima_RAIMAT 2018 8 31 243 17.0 29.2 22.5 4.3 0.0 1.6 18.6 400.0 
clima_RAIMAT 2018 9 1 244 14.6 29.2 24.1 4.4 0.0 1.4 18.4 400.0 
clima_RAIMAT 2018 9 2 245 20.2 29.8 23.8 4.6 0.0 2.0 22.2 400.0 
clima_RAIMAT 2018 9 3 246 20.4 30.2 16.2 3.5 1.3 2.6 24.2 400.0 
clima_RAIMAT 2018 9 4 247 17.6 30.5 22.3 4.4 0.0 1.6 22.1 400.0 
clima_RAIMAT 2018 9 5 248 16.8 29.0 19.0 3.7 5.2 1.6 21.8 400.0 
clima_RAIMAT 2018 9 6 249 16.0 26.9 21.2 3.9 0.0 1.5 18.9 400.0 
clima_RAIMAT 2018 9 7 250 13.1 27.1 23.0 4.0 0.0 1.4 17.2 400.0 
clima_RAIMAT 2018 9 8 251 18.6 27.9 19.2 3.7 0.0 1.9 20.5 400.0 
clima_RAIMAT 2018 9 9 252 19.3 28.8 17.9 3.5 0.1 1.3 22.7 400.0 
clima_RAIMAT 2018 9 10 253 17.1 27.4 17.5 3.2 0.0 1.1 21.2 400.0 
clima_RAIMAT 2018 9 11 254 16.2 29.1 19.1 3.6 0.0 1.0 19.8 400.0 
clima_RAIMAT 2018 9 12 255 17.0 28.1 18.1 3.5 0.3 1.3 21.0 400.0 
clima_RAIMAT 2018 9 13 256 15.0 28.5 21.6 3.9 0.0 1.1 20.8 400.0 
clima_RAIMAT 2018 9 14 257 12.9 28.4 20.2 3.5 0.0 1.3 17.8 400.0 
clima_RAIMAT 2018 9 15 258 17.4 24.9 12.3 2.4 0.0 1.3 19.3 400.0 
clima_RAIMAT 2018 9 16 259 15.6 29.3 20.8 3.9 0.0 1.1 20.1 400.0 
clima_RAIMAT 2018 9 17 260 15.0 29.7 19.5 3.9 0.0 1.9 19.4 400.0 
clima_RAIMAT 2018 9 18 261 17.2 28.3 15.2 3.1 0.0 1.6 20.5 400.0 
clima_RAIMAT 2018 9 19 262 14.5 28.8 19.5 3.6 0.0 1.1 19.1 400.0 
clima_RAIMAT 2018 9 20 263 15.5 30.6 19.9 3.8 0.0 1.1 20.0 400.0 
clima_RAIMAT 2018 9 21 264 15.0 31.0 19.0 3.8 0.0 1.6 17.1 400.0 
clima_RAIMAT 2018 9 22 265 13.9 31.0 20.1 3.8 0.0 1.3 17.9 400.0 
clima_RAIMAT 2018 9 23 266 13.4 31.9 20.3 3.9 0.0 1.1 17.9 400.0 
clima_RAIMAT 2018 9 24 267 12.7 27.2 20.4 4.1 0.0 2.5 13.5 400.0 
clima_RAIMAT 2018 9 25 268 6.4 22.4 15.9 2.7 0.0 1.1 11.0 400.0 
clima_RAIMAT 2018 9 26 269 14.2 26.7 17.0 3.6 0.0 2.6 14.2 400.0 
clima_RAIMAT 2018 9 27 270 12.2 26.2 19.4 3.3 0.0 1.1 16.7 400.0 
clima_RAIMAT 2018 9 28 271 10.6 28.6 19.0 3.4 0.0 1.0 17.3 400.0 
clima_RAIMAT 2018 9 29 272 11.9 29.3 18.6 3.5 0.0 1.6 15.8 400.0 
clima_RAIMAT 2018 9 30 273 13.0 26.8 19.1 3.5 0.0 2.0 13.2 400.0 
clima_RAIMAT 2018 10 1 274 7.9 24.2 18.3 3.6 0.0 2.5 10.4 400.0 
clima_RAIMAT 2018 10 2 275 4.9 22.7 17.9 2.9 0.0 1.9 8.8 400.0 
clima_RAIMAT 2018 10 3 276 6.7 26.3 18.1 3.1 0.0 1.6 11.1 400.0 
clima_RAIMAT 2018 10 4 277 7.7 25.5 18.0 3.1 0.0 1.5 12.1 400.0 
clima_RAIMAT 2018 10 5 278 11.0 26.1 17.5 3.2 0.0 1.7 14.9 400.0 
clima_RAIMAT 2018 10 6 279 14.4 26.2 16.5 2.9 0.2 1.6 17.9 400.0 
clima_RAIMAT 2018 10 7 280 9.0 20.5 17.5 3.1 0.0 3.5 9.7 400.0 
clima_RAIMAT 2018 10 8 281 6.5 20.7 16.0 2.4 0.0 1.1 11.7 400.0 
clima_RAIMAT 2018 10 9 282 7.6 21.5 11.9 2.0 17.1 1.6 13.7 400.0 
clima_RAIMAT 2018 10 10 283 13.5 24.1 15.7 2.7 5.1 2.2 17.8 400.0 
clima_RAIMAT 2018 10 11 284 12.6 24.9 13.1 2.3 0.0 1.4 17.1 400.0 
clima_RAIMAT 2018 10 12 285 12.8 27.5 15.8 2.8 0.0 0.9 18.4 400.0 
clima_RAIMAT 2018 10 13 286 17.2 26.0 14.3 2.7 0.0 2.3 19.9 400.0 
clima_RAIMAT 2018 10 14 287 13.9 23.9 6.2 1.5 38.2 3.1 18.5 400.0 
clima_RAIMAT 2018 10 15 288 11.4 17.9 9.1 1.3 1.8 1.6 14.5 400.0 
clima_RAIMAT 2018 10 16 289 9.5 21.1 14.4 2.3 0.1 1.0 14.4 400.0 
clima_RAIMAT 2018 10 17 290 12.3 21.8 13.9 2.1 0.1 1.0 16.7 400.0 
clima_RAIMAT 2018 10 18 291 10.5 21.0 7.6 1.4 0.1 1.0 15.7 400.0 
clima_RAIMAT 2018 10 19 292 14.9 23.3 6.7 1.4 11.1 2.1 18.3 400.0 
clima_RAIMAT 2018 10 20 293 12.9 22.9 14.2 2.3 1.2 1.1 17.8 400.0 
clima_RAIMAT 2018 10 21 294 11.3 22.2 12.6 2.0 0.2 0.9 17.3 400.0 
clima_RAIMAT 2018 10 22 295 10.0 20.5 13.7 2.0 0.0 1.3 15.1 400.0 
clima_RAIMAT 2018 10 23 296 6.0 17.6 13.6 1.8 0.0 1.1 12.0 400.0 
clima_RAIMAT 2018 10 24 297 5.6 19.8 14.9 2.0 0.0 1.4 12.5 400.0 
clima_RAIMAT 2018 10 25 298 4.4 20.3 14.7 2.1 0.0 0.9 11.9 400.0 
clima_RAIMAT 2018 10 26 299 5.5 19.1 10.3 1.5 1.5 0.7 12.6 400.0 
clima_RAIMAT 2018 10 27 300 6.3 14.0 4.9 0.9 9.9 1.9 10.3 400.0 
clima_RAIMAT 2018 10 28 301 2.8 9.6 6.6 0.8 2.0 1.9 8.0 400.0 
clima_RAIMAT 2018 10 29 302 2.7 11.3 12.6 1.4 0.0 4.7 7.3 400.0 
clima_RAIMAT 2018 10 30 303 -0.8 12.6 8.7 1.2 1.6 2.6 7.0 400.0 
clima_RAIMAT 2018 10 31 304 7.4 14.6 5.4 0.8 18.6 3.6 11.3 400.0 
clima_RAIMAT 2018 11 1 305 4.8 14.6 10.2 1.3 0.0 1.6 10.1 400.0 
clima_RAIMAT 2018 11 2 306 4.2 16.0 12.8 1.6 0.2 1.6 10.4 400.0 
clima_RAIMAT 2018 11 3 307 0.5 13.9 13.4 1.5 0.0 0.9 8.7 400.0 
clima_RAIMAT 2018 11 4 308 1.3 14.8 12.9 1.5 0.0 0.7 9.0 400.0 
clima_RAIMAT 2018 11 5 309 4.4 15.8 3.5 0.6 23.1 2.5 10.7 400.0 
clima_RAIMAT 2018 11 6 310 5.7 14.0 8.9 1.2 0.0 1.4 10.4 400.0 
clima_RAIMAT 2018 11 7 311 3.7 16.4 11.3 1.5 0.0 1.0 10.6 400.0 
clima_RAIMAT 2018 11 8 312 4.1 16.2 7.5 1.1 4.0 1.9 10.4 400.0 
clima_RAIMAT 2018 11 9 313 5.7 15.5 10.5 1.4 7.0 2.2 10.3 400.0 
clima_RAIMAT 2018 11 10 314 4.7 17.5 9.6 1.3 0.2 0.7 11.0 400.0 
clima_RAIMAT 2018 11 11 315 6.5 20.3 9.1 1.4 0.0 1.6 13.1 400.0 
clima_RAIMAT 2018 11 12 316 13.2 20.8 10.4 1.7 0.0 2.7 15.1 400.0 
clima_RAIMAT 2018 11 13 317 8.0 18.3 10.9 1.5 0.0 1.0 13.3 400.0 
clima_RAIMAT 2018 11 14 318 8.5 19.0 8.6 1.3 0.0 1.2 13.5 400.0 
clima_RAIMAT 2018 11 15 319 9.8 16.4 5.0 0.8 1.6 2.7 12.7 400.0 
clima_RAIMAT 2018 11 16 320 7.1 18.8 9.4 1.2 0.0 0.9 13.4 400.0 
clima_RAIMAT 2018 11 17 321 10.3 13.6 2.7 0.5 0.1 2.2 12.0 400.0 
clima_RAIMAT 2018 11 18 322 8.9 12.7 3.1 0.6 7.1 4.6 10.4 400.0 
clima_RAIMAT 2018 11 19 323 6.2 13.5 5.5 0.8 0.0 1.9 9.7 400.0 
clima_RAIMAT 2018 11 20 324 5.4 11.3 3.7 0.5 3.0 1.2 10.3 400.0 
clima_RAIMAT 2018 11 21 325 3.1 14.2 7.0 0.8 0.2 0.8 10.6 400.0 
clima_RAIMAT 2018 11 22 326 2.7 12.3 7.0 0.8 0.0 0.9 9.7 400.0 
clima_RAIMAT 2018 11 23 327 2.4 11.0 1.8 0.3 1.5 1.1 9.2 400.0 
clima_RAIMAT 2018 11 24 328 1.6 10.0 7.2 0.7 0.2 0.9 8.9 400.0 
clima_RAIMAT 2018 11 25 329 0.1 12.1 6.3 0.6 2.9 1.4 8.5 400.0 
clima_RAIMAT 2018 11 26 330 5.1 12.6 9.3 1.0 3.0 3.5 9.3 400.0 
clima_RAIMAT 2018 11 27 331 1.4 14.4 9.8 1.2 0.0 2.1 8.0 400.0 
clima_RAIMAT 2018 11 28 332 -0.6 13.3 9.0 1.0 0.0 0.9 8.1 400.0 
clima_RAIMAT 2018 11 29 333 -1.1 13.0 7.4 0.8 0.0 0.7 8.5 400.0 
clima_RAIMAT 2018 11 30 334 3.8 14.9 8.5 1.0 1.3 2.1 9.6 400.0 
clima_RAIMAT 2018 12 1 335 0.4 12.7 6.3 0.7 0.0 0.9 8.3 400.0 
clima_RAIMAT 2018 12 2 336 2.7 14.1 8.5 1.0 0.0 0.8 9.8 400.0 
clima_RAIMAT 2018 12 3 337 2.4 13.7 7.4 0.9 0.0 0.9 9.8 400.0 
clima_RAIMAT 2018 12 4 338 2.9 11.0 3.6 0.4 0.1 0.9 9.8 400.0 
clima_RAIMAT 2018 12 5 339 5.8 8.2 2.9 0.3 0.4 0.6 10.0 400.0 
clima_RAIMAT 2018 12 6 340 6.7 11.8 5.6 0.6 0.0 1.3 11.4 400.0 
clima_RAIMAT 2018 12 7 341 4.6 12.7 7.0 0.7 0.0 1.2 10.1 400.0 
clima_RAIMAT 2018 12 8 342 3.1 13.7 8.5 1.0 0.0 1.9 8.4 400.0 
clima_RAIMAT 2018 12 9 343 0.2 16.4 9.0 1.2 0.0 3.1 8.3 400.0 
clima_RAIMAT 2018 12 10 344 2.3 13.1 8.5 0.9 0.0 1.6 8.4 400.0 
clima_RAIMAT 2018 12 11 345 -0.7 6.4 4.7 0.4 0.1 0.7 7.4 400.0 
clima_RAIMAT 2018 12 12 346 0.9 5.5 2.5 0.3 0.1 0.7 7.7 400.0 
clima_RAIMAT 2018 12 13 347 2.9 6.6 1.1 0.2 9.8 1.1 8.6 400.0 
clima_RAIMAT 2018 12 14 348 2.1 13.2 8.9 1.0 0.1 2.4 9.0 400.0 
clima_RAIMAT 2018 12 15 349 0.0 10.7 6.2 0.7 0.0 0.9 7.9 400.0 
clima_RAIMAT 2018 12 16 350 2.3 12.1 3.9 0.4 1.7 1.6 9.3 400.0 
clima_RAIMAT 2018 12 17 351 1.2 10.7 6.7 0.8 0.0 2.2 7.3 400.0 
clima_RAIMAT 2018 12 18 352 -1.2 10.3 6.0 0.6 0.0 1.0 7.8 400.0 
clima_RAIMAT 2018 12 19 353 2.3 13.1 8.9 1.0 0.8 1.8 8.7 400.0 
clima_RAIMAT 2018 12 20 354 1.3 12.5 8.1 0.8 0.0 0.9 8.5 400.0 
clima_RAIMAT 2018 12 21 355 -0.7 11.4 7.3 0.7 0.0 0.6 8.3 400.0 
clima_RAIMAT 2018 12 22 356 0.6 12.3 7.4 0.7 0.0 0.8 9.1 400.0 
clima_RAIMAT 2018 12 23 357 0.8 6.8 3.8 0.4 0.3 0.5 8.0 400.0 
clima_RAIMAT 2018 12 24 358 4.1 5.8 2.0 0.2 0.3 0.8 8.7 400.0 
clima_RAIMAT 2018 12 25 359 3.4 5.7 2.0 0.2 0.2 0.6 8.4 400.0 
clima_RAIMAT 2018 12 26 360 3.3 6.2 2.2 0.3 0.2 0.8 8.6 400.0 
clima_RAIMAT 2018 12 27 361 4.6 6.2 1.1 0.2 0.1 1.0 8.9 400.0 
clima_RAIMAT 2018 12 28 362 4.4 6.1 1.5 0.2 0.2 1.0 8.4 400.0 
clima_RAIMAT 2018 12 29 363 0.3 6.1 2.5 0.3 0.0 0.9 7.2 400.0 
clima_RAIMAT 2018 12 30 364 -0.7 4.9 3.0 0.3 0.0 1.0 6.8 400.0 
clima_RAIMAT 2018 12 31 365 0.9 3.1 2.2 0.2 0.0 0.6 7.0 400.0 
