ACBB_Mons 2017 1 1 1 -4.5 -0.1 0.8 0.0 0.5 1.7 5.0 -999.9 
ACBB_Mons 2017 1 2 2 -2.6 1.8 2.5 0.0 0.5 0.5 5.8 -999.9 
ACBB_Mons 2017 1 3 3 -3.8 3.2 1.5 0.1 0.0 2.0 5.6 -999.9 
ACBB_Mons 2017 1 4 4 0.2 6.2 1.3 0.1 0.5 3.3 7.5 -999.9 
ACBB_Mons 2017 1 5 5 0.1 6.0 4.3 0.0 0.0 1.6 6.6 -999.9 
ACBB_Mons 2017 1 6 6 -4.1 0.0 5.5 0.0 0.0 2.0 4.7 -999.9 
ACBB_Mons 2017 1 7 7 -4.6 0.5 0.9 0.0 0.5 2.3 5.3 -999.9 
ACBB_Mons 2017 1 8 8 -0.1 3.5 1.4 0.0 1.5 0.8 7.0 -999.9 
ACBB_Mons 2017 1 9 9 1.7 6.9 1.0 0.0 5.5 3.1 8.5 -999.9 
ACBB_Mons 2017 1 10 10 1.0 6.4 2.3 0.0 0.0 1.4 8.1 -999.9 
ACBB_Mons 2017 1 11 11 2.9 10.7 1.2 0.1 1.0 3.7 9.6 -999.9 
ACBB_Mons 2017 1 12 12 4.1 7.6 1.5 0.6 9.0 6.0 8.3 -999.9 
ACBB_Mons 2017 1 13 13 0.5 4.1 2.9 0.2 1.5 5.0 6.5 -999.9 
ACBB_Mons 2017 1 14 14 -0.2 4.1 2.9 0.2 0.0 2.8 6.2 -999.9 
ACBB_Mons 2017 1 15 15 -1.0 2.0 2.2 0.0 1.0 1.6 6.4 -999.9 
ACBB_Mons 2017 1 16 16 -0.6 2.4 1.8 0.1 0.0 1.6 6.2 -999.9 
ACBB_Mons 2017 1 17 17 -3.7 -0.7 5.1 0.0 0.0 2.5 4.9 -999.9 
ACBB_Mons 2017 1 18 18 -5.1 0.3 8.6 0.0 0.0 3.1 4.7 -999.9 
ACBB_Mons 2017 1 19 19 -4.6 1.7 6.8 0.0 0.0 3.0 4.6 -999.9 
ACBB_Mons 2017 1 20 20 -4.5 2.4 6.4 0.0 0.0 2.1 4.4 -999.9 
ACBB_Mons 2017 1 21 21 -4.3 1.0 6.3 0.0 0.0 2.1 4.3 -999.9 
ACBB_Mons 2017 1 22 22 -5.7 3.3 7.1 0.0 0.0 0.9 4.8 -999.9 
ACBB_Mons 2017 1 23 23 -3.7 0.0 1.8 0.0 0.0 1.3 5.5 -999.9 
ACBB_Mons 2017 1 24 24 -2.6 0.4 2.0 0.0 0.0 1.1 5.8 -999.9 
ACBB_Mons 2017 1 25 25 -1.8 -0.4 1.6 0.2 0.0 2.6 5.3 -999.9 
ACBB_Mons 2017 1 26 26 -6.2 1.0 6.6 0.0 0.0 4.4 4.4 -999.9 
ACBB_Mons 2017 1 27 27 -3.5 5.9 3.9 0.2 0.0 4.2 6.1 -999.9 
ACBB_Mons 2017 1 28 28 2.5 10.2 3.7 0.6 0.0 3.6 7.9 -999.9 
ACBB_Mons 2017 1 29 29 1.3 6.2 3.2 0.0 19.0 3.7 8.0 -999.9 
ACBB_Mons 2017 1 30 30 4.4 9.5 1.6 0.1 2.0 2.9 9.9 -999.9 
ACBB_Mons 2017 1 31 31 4.6 7.8 2.4 0.2 0.5 2.0 9.3 -999.9 
ACBB_Mons 2017 2 1 32 5.1 10.1 2.1 0.3 0.5 4.0 10.2 -999.9 
ACBB_Mons 2017 2 2 33 6.5 12.5 3.9 0.4 0.0 4.1 11.1 -999.9 
ACBB_Mons 2017 2 3 34 6.7 11.0 5.5 0.6 1.0 5.0 9.9 -999.9 
ACBB_Mons 2017 2 4 35 3.7 6.2 1.4 0.1 13.0 3.4 8.6 -999.9 
ACBB_Mons 2017 2 5 36 3.5 6.2 1.9 0.0 3.0 3.1 8.9 -999.9 
ACBB_Mons 2017 2 6 37 4.4 8.5 5.4 0.4 4.5 2.4 8.4 -999.9 
ACBB_Mons 2017 2 7 38 4.3 8.6 2.0 0.4 0.5 2.5 8.8 -999.9 
ACBB_Mons 2017 2 8 39 2.8 4.9 1.3 0.1 0.0 2.8 7.9 -999.9 
ACBB_Mons 2017 2 9 40 1.7 6.0 4.3 0.4 0.0 2.5 7.2 -999.9 
ACBB_Mons 2017 2 10 41 -0.6 0.1 2.2 0.2 0.0 2.1 5.8 -999.9 
ACBB_Mons 2017 2 11 42 -0.7 0.8 0.7 0.0 1.5 1.4 6.1 -999.9 
ACBB_Mons 2017 2 12 43 0.0 7.8 3.3 0.4 0.0 2.6 7.6 -999.9 
ACBB_Mons 2017 2 13 44 1.8 8.4 9.3 0.8 0.0 5.0 7.1 -999.9 
ACBB_Mons 2017 2 14 45 2.1 11.3 8.3 1.0 0.0 5.1 7.9 -999.9 
ACBB_Mons 2017 2 15 46 2.8 15.5 9.1 0.7 0.0 3.0 9.8 -999.9 
ACBB_Mons 2017 2 16 47 2.3 11.5 5.4 0.3 0.0 0.7 9.4 -999.9 
ACBB_Mons 2017 2 17 48 3.3 10.5 5.6 0.3 0.0 1.9 9.5 -999.9 
ACBB_Mons 2017 2 18 49 0.5 6.1 4.0 0.2 0.0 1.1 7.8 -999.9 
ACBB_Mons 2017 2 19 50 -1.4 10.2 6.8 0.2 0.0 2.2 8.7 -999.9 
ACBB_Mons 2017 2 20 51 7.2 11.1 1.8 0.1 0.5 4.1 11.6 -999.9 
ACBB_Mons 2017 2 21 52 9.1 11.5 2.8 0.4 1.5 5.0 12.2 -999.9 
ACBB_Mons 2017 2 22 53 9.4 11.0 2.7 0.8 1.5 6.9 11.5 -999.9 
ACBB_Mons 2017 2 23 54 8.0 11.8 4.5 2.0 1.5 8.1 9.6 -999.9 
ACBB_Mons 2017 2 24 55 3.7 7.9 6.4 0.8 0.5 2.3 7.6 -999.9 
ACBB_Mons 2017 2 25 56 -1.0 9.7 8.1 0.6 0.0 3.0 7.4 -999.9 
ACBB_Mons 2017 2 26 57 5.8 11.5 4.7 0.9 0.0 4.3 10.0 -999.9 
ACBB_Mons 2017 2 27 58 3.7 10.7 2.9 0.7 8.0 7.1 9.5 -999.9 
ACBB_Mons 2017 2 28 59 2.9 7.7 5.8 1.0 3.5 5.7 7.7 -999.9 
ACBB_Mons 2017 3 1 60 4.3 9.9 3.2 0.7 3.5 5.3 9.4 -999.9 
ACBB_Mons 2017 3 2 61 4.5 11.0 11.2 1.6 1.5 4.8 7.9 -999.9 
ACBB_Mons 2017 3 3 62 2.8 12.5 5.8 0.9 3.5 3.7 9.4 -999.9 
ACBB_Mons 2017 3 4 63 7.2 9.4 2.4 0.4 6.5 3.4 10.4 -999.9 
ACBB_Mons 2017 3 5 64 3.5 7.5 3.3 0.6 9.0 5.4 8.4 -999.9 
ACBB_Mons 2017 3 6 65 5.1 9.6 7.7 1.1 0.0 4.3 8.9 -999.9 
ACBB_Mons 2017 3 7 66 1.5 10.1 9.8 0.8 2.0 2.2 8.4 -999.9 
ACBB_Mons 2017 3 8 67 2.0 12.2 2.6 0.0 6.0 4.6 11.5 -999.9 
ACBB_Mons 2017 3 9 68 10.5 14.2 6.2 1.2 1.5 3.3 12.6 -999.9 
ACBB_Mons 2017 3 10 69 1.2 13.4 13.8 1.1 0.0 1.7 9.1 -999.9 
ACBB_Mons 2017 3 11 70 3.1 14.4 12.9 1.4 0.0 2.0 8.8 -999.9 
ACBB_Mons 2017 3 12 71 4.8 14.6 12.2 1.4 0.0 1.8 9.4 -999.9 
ACBB_Mons 2017 3 13 72 3.6 12.8 9.1 1.0 0.0 2.0 9.9 -999.9 
ACBB_Mons 2017 3 14 73 0.1 12.6 10.6 0.7 0.0 1.9 9.9 -999.9 
ACBB_Mons 2017 3 15 74 8.2 16.8 12.7 1.5 0.0 0.9 11.6 -999.9 
ACBB_Mons 2017 3 16 75 4.8 18.1 15.9 1.6 0.0 1.2 11.1 -999.9 
ACBB_Mons 2017 3 17 76 6.3 11.8 10.6 1.6 1.0 3.6 9.4 -999.9 
ACBB_Mons 2017 3 18 77 6.6 11.7 2.8 0.2 5.0 6.0 12.0 -999.9 
ACBB_Mons 2017 3 19 78 10.3 12.3 4.8 1.4 0.0 5.1 11.5 -999.9 
ACBB_Mons 2017 3 20 79 9.0 12.1 5.8 1.5 0.5 5.0 10.7 -999.9 
ACBB_Mons 2017 3 21 80 7.0 10.2 10.2 1.7 0.5 2.8 8.5 -999.9 
ACBB_Mons 2017 3 22 81 1.1 12.1 12.3 1.8 0.0 4.0 7.5 -999.9 
ACBB_Mons 2017 3 23 82 3.9 14.6 10.7 1.7 0.0 3.5 9.3 -999.9 
ACBB_Mons 2017 3 24 83 7.5 13.3 10.8 1.8 0.0 3.0 9.8 -999.9 
ACBB_Mons 2017 3 25 84 4.1 16.1 17.9 3.1 0.0 4.4 7.7 -999.9 
ACBB_Mons 2017 3 26 85 4.7 16.8 18.1 2.8 0.0 2.8 7.7 -999.9 
ACBB_Mons 2017 3 27 86 5.8 17.3 18.8 2.7 0.0 2.2 8.2 -999.9 
ACBB_Mons 2017 3 28 87 4.4 18.7 17.1 2.3 0.0 1.9 9.7 -999.9 
ACBB_Mons 2017 3 29 88 5.7 17.7 10.2 1.8 0.0 2.0 10.7 -999.9 
ACBB_Mons 2017 3 30 89 7.7 21.6 18.9 3.0 0.0 2.4 11.2 -999.9 
ACBB_Mons 2017 3 31 90 9.2 18.4 10.3 2.3 0.0 2.5 11.1 -999.9 
ACBB_Mons 2017 4 1 91 8.8 15.7 13.1 2.1 0.0 1.9 10.9 -999.9 
ACBB_Mons 2017 4 2 92 4.2 17.0 18.1 2.1 0.5 1.2 10.1 -999.9 
ACBB_Mons 2017 4 3 93 3.7 18.2 18.3 2.2 0.0 0.9 9.6 -999.9 
ACBB_Mons 2017 4 4 94 5.2 16.9 16.7 2.3 0.0 2.0 10.3 -999.9 
ACBB_Mons 2017 4 5 95 6.5 14.8 14.7 2.4 0.0 2.9 9.3 -999.9 
ACBB_Mons 2017 4 6 96 2.6 12.8 14.3 1.8 0.0 1.6 8.1 -999.9 
ACBB_Mons 2017 4 7 97 0.2 17.1 20.0 2.2 0.0 1.2 9.1 -999.9 
ACBB_Mons 2017 4 8 98 3.6 17.7 22.0 2.7 0.0 1.4 9.0 -999.9 
ACBB_Mons 2017 4 9 99 2.5 23.5 22.4 2.9 0.0 0.7 9.1 -999.9 
ACBB_Mons 2017 4 10 100 7.7 15.2 16.1 2.7 0.0 2.6 9.3 -999.9 
ACBB_Mons 2017 4 11 101 2.8 16.0 19.9 2.5 0.0 1.0 8.0 -999.9 
ACBB_Mons 2017 4 12 102 0.9 16.9 21.1 2.7 0.0 2.8 9.0 -999.9 
ACBB_Mons 2017 4 13 103 4.4 14.8 15.3 2.3 0.0 1.9 8.8 -999.9 
ACBB_Mons 2017 4 14 104 3.4 13.4 11.8 1.7 0.0 1.4 8.7 -999.9 
ACBB_Mons 2017 4 15 105 5.7 14.5 8.1 1.8 0.5 2.5 9.7 -999.9 
ACBB_Mons 2017 4 16 106 2.7 14.2 13.8 2.2 0.0 2.4 8.2 -999.9 
ACBB_Mons 2017 4 17 107 6.9 11.4 10.8 2.1 0.0 2.3 8.3 -999.9 
ACBB_Mons 2017 4 18 108 -0.2 11.8 19.0 2.3 0.5 1.9 6.8 -999.9 
ACBB_Mons 2017 4 19 109 0.8 10.0 25.1 3.3 0.0 2.8 5.0 -999.9 
ACBB_Mons 2017 4 20 110 -2.0 12.6 23.7 2.7 0.0 1.0 4.8 -999.9 
ACBB_Mons 2017 4 21 111 -1.2 16.0 15.4 2.0 0.0 1.5 8.8 -999.9 
ACBB_Mons 2017 4 22 112 8.6 12.5 12.6 2.2 0.0 1.8 9.7 -999.9 
ACBB_Mons 2017 4 23 113 -0.1 13.2 18.9 2.3 0.0 1.2 6.9 -999.9 
ACBB_Mons 2017 4 24 114 0.3 16.5 21.6 2.8 0.0 1.4 7.6 -999.9 
ACBB_Mons 2017 4 25 115 4.9 11.4 20.2 3.3 0.0 2.5 5.7 -999.9 
ACBB_Mons 2017 4 26 116 -1.5 10.7 17.9 2.3 0.0 2.2 6.3 -999.9 
ACBB_Mons 2017 4 27 117 -0.4 11.2 17.2 2.3 0.0 1.9 6.4 -999.9 
ACBB_Mons 2017 4 28 118 1.9 13.7 18.8 2.6 2.0 1.9 7.9 -999.9 
ACBB_Mons 2017 4 29 119 3.6 16.4 26.3 3.7 0.0 1.8 7.4 -999.9 
ACBB_Mons 2017 4 30 120 6.0 19.3 18.6 4.1 2.5 3.7 8.6 -999.9 
ACBB_Mons 2017 5 1 121 7.4 15.0 12.6 2.6 0.5 2.8 9.4 -999.9 
ACBB_Mons 2017 5 2 122 2.9 16.7 18.9 2.7 0.5 1.6 9.6 -999.9 
ACBB_Mons 2017 5 3 123 8.7 12.0 8.7 1.5 3.0 1.5 11.1 -999.9 
ACBB_Mons 2017 5 4 124 8.1 15.4 15.1 2.4 0.0 2.1 11.9 -999.9 
ACBB_Mons 2017 5 5 125 6.3 16.2 16.9 2.7 0.0 2.4 10.9 -999.9 
ACBB_Mons 2017 5 6 126 6.4 16.1 8.2 1.4 3.0 1.7 12.5 -999.9 
ACBB_Mons 2017 5 7 127 9.6 10.6 3.3 0.6 2.5 2.9 11.6 -999.9 
ACBB_Mons 2017 5 8 128 7.1 11.1 6.1 1.2 1.0 2.5 10.5 -999.9 
ACBB_Mons 2017 5 9 129 3.7 15.3 28.1 3.9 0.5 2.3 8.1 -999.9 
ACBB_Mons 2017 5 10 130 3.3 19.4 28.0 4.2 0.0 2.1 8.5 -999.9 
ACBB_Mons 2017 5 11 131 7.6 22.8 20.8 3.8 1.5 2.2 12.5 -999.9 
ACBB_Mons 2017 5 12 132 12.1 21.6 16.5 3.3 1.5 2.1 14.6 -999.9 
ACBB_Mons 2017 5 13 133 10.3 19.4 18.9 3.4 0.0 2.1 12.8 -999.9 
ACBB_Mons 2017 5 14 134 8.7 19.6 16.3 3.1 0.0 1.9 11.6 -999.9 
ACBB_Mons 2017 5 15 135 4.4 21.6 19.2 3.0 0.0 1.4 12.9 -999.9 
ACBB_Mons 2017 5 16 136 13.0 27.4 23.3 4.6 0.0 1.4 15.7 -999.9 
ACBB_Mons 2017 5 17 137 15.0 27.8 23.8 5.3 3.5 2.3 16.2 -999.9 
ACBB_Mons 2017 5 18 138 14.2 21.4 13.9 2.9 14.5 2.1 16.6 -999.9 
ACBB_Mons 2017 5 19 139 9.6 16.1 13.8 2.7 5.0 2.4 11.6 -999.9 
ACBB_Mons 2017 5 20 140 6.2 17.8 24.3 3.6 0.0 1.7 11.4 -999.9 
ACBB_Mons 2017 5 21 141 7.1 20.8 27.0 4.2 0.0 1.4 11.9 -999.9 
ACBB_Mons 2017 5 22 142 10.1 24.2 25.4 4.6 0.0 1.5 13.5 -999.9 
ACBB_Mons 2017 5 23 143 12.6 22.3 25.1 4.7 0.0 2.4 14.8 -999.9 
ACBB_Mons 2017 5 24 144 13.7 23.8 20.1 3.9 0.0 1.3 16.0 -999.9 
ACBB_Mons 2017 5 25 145 12.3 25.6 29.5 5.8 0.0 2.6 13.9 -999.9 
ACBB_Mons 2017 5 26 146 14.2 26.8 29.8 6.5 0.0 3.2 14.2 -999.9 
ACBB_Mons 2017 5 27 147 15.8 29.4 27.6 6.2 0.0 2.6 18.1 -999.9 
ACBB_Mons 2017 5 28 148 15.4 30.9 23.9 5.2 0.0 1.6 20.0 -999.9 
ACBB_Mons 2017 5 29 149 18.1 29.1 22.5 5.1 2.5 1.9 21.3 -999.9 
ACBB_Mons 2017 5 30 150 15.0 20.7 19.4 4.1 0.0 2.4 15.1 -999.9 
ACBB_Mons 2017 5 31 151 7.4 23.9 21.7 3.7 0.0 1.1 14.3 -999.9 
ACBB_Mons 2017 6 1 152 12.8 26.7 25.0 4.9 0.0 1.4 15.5 -999.9 
ACBB_Mons 2017 6 2 153 13.3 27.3 19.7 4.1 1.0 1.3 17.4 -999.9 
ACBB_Mons 2017 6 3 154 14.5 19.6 12.2 2.8 0.0 2.0 15.2 -999.9 
ACBB_Mons 2017 6 4 155 8.5 19.5 22.0 3.9 0.0 2.1 11.8 -999.9 
ACBB_Mons 2017 6 5 156 10.0 22.7 22.6 4.4 6.5 2.3 12.6 -999.9 
ACBB_Mons 2017 6 6 157 11.8 16.9 20.9 4.5 2.0 5.2 12.1 -999.9 
ACBB_Mons 2017 6 7 158 9.1 19.3 23.2 4.6 0.0 3.9 11.5 -999.9 
ACBB_Mons 2017 6 8 159 10.1 25.3 26.1 5.0 11.0 2.4 14.8 -999.9 
ACBB_Mons 2017 6 9 160 14.6 20.7 22.6 4.6 0.5 2.5 14.4 -999.9 
ACBB_Mons 2017 6 10 161 11.3 25.8 29.0 5.3 0.0 1.6 16.0 -999.9 
ACBB_Mons 2017 6 11 162 13.5 28.1 25.8 5.5 0.0 2.2 16.1 -999.9 
ACBB_Mons 2017 6 12 163 10.4 19.4 20.7 4.0 0.0 2.6 12.3 -999.9 
ACBB_Mons 2017 6 13 164 6.3 22.3 27.6 4.3 0.0 1.1 13.4 -999.9 
ACBB_Mons 2017 6 14 165 13.6 26.7 28.5 5.6 0.0 1.7 15.7 -999.9 
ACBB_Mons 2017 6 15 166 14.6 26.3 27.5 5.8 0.0 2.4 16.0 -999.9 
ACBB_Mons 2017 6 16 167 9.6 22.0 26.6 4.7 0.0 2.2 13.1 -999.9 
ACBB_Mons 2017 6 17 168 11.2 26.4 22.7 4.3 0.0 1.3 17.1 -999.9 
ACBB_Mons 2017 6 18 169 14.9 27.9 29.9 6.0 0.0 1.9 17.9 -999.9 
ACBB_Mons 2017 6 19 170 16.5 30.7 30.1 6.4 0.0 1.4 16.8 -999.9 
ACBB_Mons 2017 6 20 171 15.0 31.7 28.0 5.9 0.0 1.3 18.7 -999.9 
ACBB_Mons 2017 6 21 172 17.9 34.4 27.0 6.4 0.0 1.5 20.1 -999.9 
ACBB_Mons 2017 6 22 173 18.4 31.5 24.9 6.2 0.0 2.3 19.5 -999.9 
ACBB_Mons 2017 6 23 174 11.3 22.4 18.6 3.8 0.0 2.3 14.6 -999.9 
ACBB_Mons 2017 6 24 175 11.7 25.5 25.5 5.2 0.0 2.6 15.1 -999.9 
ACBB_Mons 2017 6 25 176 15.1 23.6 17.0 4.0 0.5 2.7 16.2 -999.9 
ACBB_Mons 2017 6 26 177 12.9 25.2 26.7 5.1 0.0 1.7 15.6 -999.9 
ACBB_Mons 2017 6 27 178 14.8 24.1 10.4 2.6 3.5 1.5 17.8 -999.9 
ACBB_Mons 2017 6 28 179 16.4 24.2 14.1 3.5 1.5 2.1 17.9 -999.9 
ACBB_Mons 2017 6 29 180 13.1 23.2 21.0 4.5 0.0 2.5 14.2 -999.9 
ACBB_Mons 2017 6 30 181 12.4 22.5 20.9 4.1 4.0 1.9 14.9 -999.9 
ACBB_Mons 2017 7 1 182 13.8 22.2 12.9 3.3 7.5 2.7 15.2 -999.9 
ACBB_Mons 2017 7 2 183 11.5 21.5 14.0 2.8 1.5 1.9 16.0 -999.9 
ACBB_Mons 2017 7 3 184 9.5 23.0 22.6 4.1 0.0 2.2 14.5 -999.9 
ACBB_Mons 2017 7 4 185 10.7 26.8 24.9 4.6 0.0 1.2 15.8 -999.9 
ACBB_Mons 2017 7 5 186 14.2 30.6 29.0 6.1 0.0 1.7 16.3 -999.9 
ACBB_Mons 2017 7 6 187 17.4 31.0 12.6 4.0 2.5 2.2 19.3 -999.9 
ACBB_Mons 2017 7 7 188 14.7 30.4 27.4 6.0 0.0 1.9 15.9 -999.9 
ACBB_Mons 2017 7 8 189 12.6 27.5 28.2 5.6 0.0 2.1 16.3 -999.9 
ACBB_Mons 2017 7 9 190 14.8 28.7 24.2 5.5 3.5 2.0 15.4 -999.9 
ACBB_Mons 2017 7 10 191 14.7 21.8 10.8 2.5 8.5 1.9 17.1 -999.9 
ACBB_Mons 2017 7 11 192 12.5 24.2 16.3 3.6 0.5 1.9 15.0 -999.9 
ACBB_Mons 2017 7 12 193 15.9 21.5 16.8 4.3 1.5 3.6 15.2 -999.9 
ACBB_Mons 2017 7 13 194 9.6 23.7 23.2 4.4 0.0 1.6 12.3 -999.9 
ACBB_Mons 2017 7 14 195 9.8 22.8 19.4 3.9 0.0 2.5 13.4 -999.9 
ACBB_Mons 2017 7 15 196 9.8 24.9 16.8 3.5 0.0 1.7 14.3 -999.9 
ACBB_Mons 2017 7 16 197 16.5 27.0 21.3 4.9 0.0 2.2 17.7 -999.9 
ACBB_Mons 2017 7 17 198 12.0 26.3 20.8 4.1 0.0 1.7 17.6 -999.9 
ACBB_Mons 2017 7 18 199 15.0 32.3 24.0 5.9 0.0 2.7 17.8 -999.9 
ACBB_Mons 2017 7 19 200 19.8 31.3 15.2 5.4 1.0 3.7 19.4 -999.9 
ACBB_Mons 2017 7 20 201 17.8 22.3 13.1 4.3 1.0 3.8 15.2 -999.9 
ACBB_Mons 2017 7 21 202 9.1 26.3 24.0 5.1 0.0 2.8 11.9 -999.9 
ACBB_Mons 2017 7 22 203 13.7 22.3 13.4 3.6 3.0 3.4 14.5 -999.9 
ACBB_Mons 2017 7 23 204 11.9 19.5 10.1 2.6 2.5 3.5 14.1 -999.9 
ACBB_Mons 2017 7 24 205 11.6 21.2 12.8 2.8 6.0 3.2 15.6 -999.9 
ACBB_Mons 2017 7 25 206 13.8 22.4 18.8 4.2 0.0 3.3 15.0 -999.9 
ACBB_Mons 2017 7 26 207 10.0 24.6 17.4 3.5 1.5 3.2 16.7 -999.9 
ACBB_Mons 2017 7 27 208 15.1 22.2 16.1 3.9 0.0 2.8 14.5 -999.9 
ACBB_Mons 2017 7 28 209 10.9 23.1 13.2 3.5 0.0 3.6 13.9 -999.9 
ACBB_Mons 2017 7 29 210 16.8 28.3 15.6 5.2 0.0 4.4 16.8 -999.9 
ACBB_Mons 2017 7 30 211 18.8 24.4 17.3 5.4 0.0 4.3 15.3 -999.9 
ACBB_Mons 2017 7 31 212 10.7 23.6 17.9 3.7 0.0 2.2 13.5 -999.9 
ACBB_Mons 2017 8 1 213 13.8 24.6 16.2 3.7 0.0 1.6 14.0 -999.9 
ACBB_Mons 2017 8 2 214 12.4 24.6 9.1 2.7 2.0 1.8 14.4 -999.9 
ACBB_Mons 2017 8 3 215 16.9 25.9 18.0 5.4 0.5 4.5 15.7 -999.9 
ACBB_Mons 2017 8 4 216 15.4 24.5 13.4 3.9 8.0 3.2 15.5 -999.9 
ACBB_Mons 2017 8 5 217 14.1 22.5 19.3 4.2 0.0 3.0 14.5 -999.9 
ACBB_Mons 2017 8 6 218 7.5 23.0 22.0 3.7 0.0 1.5 12.1 -999.9 
ACBB_Mons 2017 8 7 219 8.5 25.1 24.2 4.2 0.0 1.2 11.3 -999.9 
ACBB_Mons 2017 8 8 220 14.4 20.1 7.8 2.3 9.0 2.3 14.7 -999.9 
ACBB_Mons 2017 8 9 221 10.4 19.8 18.3 3.1 0.0 2.0 14.1 -999.9 
ACBB_Mons 2017 8 10 222 10.3 20.5 13.5 2.5 1.0 1.4 14.0 -999.9 
ACBB_Mons 2017 8 11 223 12.2 22.3 15.9 3.4 0.5 2.5 14.4 -999.9 
ACBB_Mons 2017 8 12 224 13.0 18.7 5.4 1.5 5.0 3.7 15.9 -999.9 
ACBB_Mons 2017 8 13 225 10.7 24.0 20.4 3.7 0.5 1.6 14.4 -999.9 
ACBB_Mons 2017 8 14 226 11.3 25.3 23.0 4.2 2.5 1.7 14.3 -999.9 
ACBB_Mons 2017 8 15 227 15.4 25.0 14.7 3.6 0.0 2.8 17.2 -999.9 
ACBB_Mons 2017 8 16 228 10.5 24.8 19.6 3.5 0.0 1.2 14.4 -999.9 
ACBB_Mons 2017 8 17 229 15.9 21.5 7.8 2.0 6.5 3.0 18.9 -999.9 
ACBB_Mons 2017 8 18 230 17.3 21.8 10.2 3.0 3.0 3.3 17.0 -999.9 
ACBB_Mons 2017 8 19 231 11.8 20.3 19.1 4.0 4.0 3.9 12.8 -999.9 
ACBB_Mons 2017 8 20 232 8.1 21.1 17.8 3.0 0.0 1.9 12.4 -999.9 
ACBB_Mons 2017 8 21 233 13.6 17.2 6.1 1.4 1.5 2.6 16.2 -999.9 
ACBB_Mons 2017 8 22 234 15.7 23.2 13.6 2.8 0.0 1.6 18.2 -999.9 
ACBB_Mons 2017 8 23 235 16.6 27.6 18.7 4.7 0.0 3.1 16.6 -999.9 
ACBB_Mons 2017 8 24 236 10.9 23.7 16.2 2.9 0.0 1.4 14.8 -999.9 
ACBB_Mons 2017 8 25 237 14.1 24.9 11.7 2.7 0.0 1.7 16.5 -999.9 
ACBB_Mons 2017 8 26 238 16.2 27.1 14.3 3.1 0.0 1.1 18.2 -999.9 
ACBB_Mons 2017 8 27 239 17.0 27.9 16.4 3.6 0.0 1.4 17.5 -999.9 
ACBB_Mons 2017 8 28 240 15.3 29.4 19.1 3.9 0.0 1.2 17.4 -999.9 
ACBB_Mons 2017 8 29 241 16.2 32.5 19.7 4.6 0.0 1.9 18.1 -999.9 
ACBB_Mons 2017 8 30 242 15.3 23.0 5.7 2.0 3.0 3.1 18.1 -999.9 
ACBB_Mons 2017 8 31 243 10.0 20.5 17.5 3.0 1.0 2.5 12.8 -999.9 
ACBB_Mons 2017 9 1 244 9.9 20.0 10.3 1.9 0.5 1.2 13.6 -999.9 
ACBB_Mons 2017 9 2 245 9.1 20.3 15.7 2.6 0.5 1.5 12.4 -999.9 
ACBB_Mons 2017 9 3 246 5.8 21.0 17.0 2.6 0.0 2.1 12.0 -999.9 
ACBB_Mons 2017 9 4 247 14.0 22.6 6.9 2.1 0.0 2.3 15.7 -999.9 
ACBB_Mons 2017 9 5 248 13.2 22.5 8.8 2.1 0.5 3.5 17.3 -999.9 
ACBB_Mons 2017 9 6 249 12.3 18.2 9.9 2.2 1.0 3.3 13.8 -999.9 
ACBB_Mons 2017 9 7 250 11.3 20.8 7.7 2.2 0.0 2.8 13.4 -999.9 
ACBB_Mons 2017 9 8 251 14.7 17.6 3.6 1.7 7.0 4.9 15.1 -999.9 
ACBB_Mons 2017 9 9 252 12.8 17.5 12.4 2.5 5.0 3.3 13.3 -999.9 
ACBB_Mons 2017 9 10 253 7.5 19.0 12.3 2.1 0.5 4.6 13.2 -999.9 
ACBB_Mons 2017 9 11 254 11.3 17.7 12.5 3.2 1.5 6.7 12.5 -999.9 
ACBB_Mons 2017 9 12 255 11.2 17.3 13.1 2.5 2.5 4.7 13.1 -999.9 
ACBB_Mons 2017 9 13 256 12.0 18.2 7.4 2.7 1.5 6.9 13.4 -999.9 
ACBB_Mons 2017 9 14 257 9.9 14.5 11.3 2.0 4.5 4.9 12.1 -999.9 
ACBB_Mons 2017 9 15 258 9.4 16.0 12.6 1.9 0.5 1.8 11.3 -999.9 
ACBB_Mons 2017 9 16 259 4.5 16.1 11.2 1.5 0.5 1.3 10.5 -999.9 
ACBB_Mons 2017 9 17 260 5.6 15.5 12.0 1.5 2.0 1.3 10.9 -999.9 
ACBB_Mons 2017 9 18 261 5.8 16.8 10.3 1.4 5.0 1.6 11.4 -999.9 
ACBB_Mons 2017 9 19 262 8.0 16.9 11.7 1.7 0.5 2.0 11.7 -999.9 
ACBB_Mons 2017 9 20 263 4.2 18.6 12.9 1.6 0.0 1.7 11.1 -999.9 
ACBB_Mons 2017 9 21 264 7.5 19.9 16.0 2.3 0.0 2.5 11.6 -999.9 
ACBB_Mons 2017 9 22 265 8.6 19.8 10.1 1.6 0.0 1.2 12.4 -999.9 
ACBB_Mons 2017 9 23 266 4.3 19.7 12.1 1.5 0.5 0.8 11.1 -999.9 
ACBB_Mons 2017 9 24 267 8.2 22.0 15.8 2.4 0.0 2.3 12.5 -999.9 
ACBB_Mons 2017 9 25 268 12.6 20.0 7.9 2.0 0.0 2.5 13.1 -999.9 
ACBB_Mons 2017 9 26 269 11.9 21.3 11.7 1.9 0.0 1.3 13.5 -999.9 
ACBB_Mons 2017 9 27 270 9.8 21.2 11.5 1.8 0.5 2.1 14.1 -999.9 
ACBB_Mons 2017 9 28 271 13.6 19.6 5.8 1.3 0.5 2.5 16.3 -999.9 
ACBB_Mons 2017 9 29 272 12.4 24.7 11.1 2.3 1.0 3.3 16.8 -999.9 
ACBB_Mons 2017 9 30 273 12.9 18.1 10.4 1.8 0.0 1.9 12.8 -999.9 
ACBB_Mons 2017 10 1 274 11.6 16.1 4.7 1.3 0.5 4.9 13.9 -999.9 
ACBB_Mons 2017 10 2 275 14.5 20.9 9.2 2.7 11.0 4.8 14.4 -999.9 
ACBB_Mons 2017 10 3 276 8.0 16.6 12.4 1.5 0.0 2.1 11.3 -999.9 
ACBB_Mons 2017 10 4 277 7.1 16.4 8.7 1.3 0.0 2.7 11.3 -999.9 
ACBB_Mons 2017 10 5 278 9.8 16.8 6.1 1.8 1.0 3.9 11.7 -999.9 
ACBB_Mons 2017 10 6 279 5.7 14.8 12.1 1.5 0.0 2.5 9.4 -999.9 
ACBB_Mons 2017 10 7 280 3.3 14.4 5.4 0.9 1.0 4.1 10.4 -999.9 
ACBB_Mons 2017 10 8 281 10.2 16.0 5.3 0.9 0.0 1.3 12.8 -999.9 
ACBB_Mons 2017 10 9 282 5.2 17.7 9.7 1.0 1.0 1.7 11.8 -999.9 
ACBB_Mons 2017 10 10 283 12.5 17.0 6.4 1.3 0.0 3.0 14.0 -999.9 
ACBB_Mons 2017 10 11 284 12.0 16.5 5.2 1.5 0.0 4.1 13.1 -999.9 
ACBB_Mons 2017 10 12 285 10.2 19.4 10.8 1.4 0.0 2.8 13.7 -999.9 
ACBB_Mons 2017 10 13 286 12.4 21.7 10.1 1.6 0.0 2.3 15.1 -999.9 
ACBB_Mons 2017 10 14 287 10.4 22.4 11.9 1.4 0.5 1.6 14.4 -999.9 
ACBB_Mons 2017 10 15 288 10.0 24.1 11.5 1.7 0.0 2.9 14.8 -999.9 
ACBB_Mons 2017 10 16 289 13.1 24.5 10.3 1.9 0.0 2.8 15.7 -999.9 
ACBB_Mons 2017 10 17 290 10.2 19.7 7.6 0.9 0.5 1.1 14.8 -999.9 
ACBB_Mons 2017 10 18 291 9.3 21.0 9.5 1.2 0.0 2.3 14.2 -999.9 
ACBB_Mons 2017 10 19 292 10.6 22.8 9.0 1.9 4.0 4.3 14.3 -999.9 
ACBB_Mons 2017 10 20 293 10.5 15.7 7.6 1.7 0.0 5.3 11.7 -999.9 
ACBB_Mons 2017 10 21 294 9.1 17.2 7.8 1.8 4.0 6.1 11.7 -999.9 
ACBB_Mons 2017 10 22 295 8.3 12.1 6.8 1.2 4.0 5.4 10.4 -999.9 
ACBB_Mons 2017 10 23 296 6.9 13.7 2.7 0.2 1.5 3.3 12.9 -999.9 
ACBB_Mons 2017 10 24 297 12.4 17.9 2.9 0.5 2.0 3.2 16.8 -999.9 
ACBB_Mons 2017 10 25 298 13.6 18.1 5.6 0.9 0.0 2.2 15.2 -999.9 
ACBB_Mons 2017 10 26 299 9.6 13.4 3.4 0.3 3.5 1.6 13.4 -999.9 
ACBB_Mons 2017 10 27 300 9.8 14.9 8.5 0.8 0.0 2.4 11.9 -999.9 
ACBB_Mons 2017 10 28 301 2.1 13.8 7.6 0.2 0.0 3.8 10.7 -999.9 
ACBB_Mons 2017 10 29 302 9.5 14.3 5.7 1.2 1.0 4.3 11.1 -999.9 
ACBB_Mons 2017 10 30 303 4.4 11.9 7.5 0.4 0.0 1.4 8.9 -999.9 
ACBB_Mons 2017 10 31 304 -0.1 11.4 6.3 0.3 0.5 1.0 8.1 -999.9 
ACBB_Mons 2017 11 1 305 2.1 13.8 7.5 0.4 0.0 1.9 8.7 -999.9 
ACBB_Mons 2017 11 2 306 3.8 12.4 3.8 0.2 0.0 1.1 10.5 -999.9 
ACBB_Mons 2017 11 3 307 7.6 13.8 5.0 0.5 0.0 1.6 11.2 -999.9 
ACBB_Mons 2017 11 4 308 6.8 14.2 2.3 0.5 4.0 4.0 12.1 -999.9 
ACBB_Mons 2017 11 5 309 4.3 10.2 6.1 0.4 0.5 2.5 8.4 -999.9 
ACBB_Mons 2017 11 6 310 2.2 10.4 7.4 0.3 0.0 1.5 7.5 -999.9 
ACBB_Mons 2017 11 7 311 -2.6 10.1 8.5 0.0 0.5 0.5 6.3 -999.9 
ACBB_Mons 2017 11 8 312 -1.3 7.7 3.5 0.2 0.5 0.8 7.2 -999.9 
ACBB_Mons 2017 11 9 313 4.1 11.1 5.1 0.2 1.0 1.8 9.2 -999.9 
ACBB_Mons 2017 11 10 314 7.4 12.7 2.4 0.7 3.0 3.1 10.5 -999.9 
ACBB_Mons 2017 11 11 315 5.5 13.2 1.8 0.3 14.0 3.2 11.3 -999.9 
ACBB_Mons 2017 11 12 316 5.8 8.6 4.2 0.5 8.5 4.1 8.7 -999.9 
ACBB_Mons 2017 11 13 317 4.7 9.1 5.0 0.4 3.0 3.4 8.3 -999.9 
ACBB_Mons 2017 11 14 318 -0.4 8.8 4.7 0.0 1.5 1.7 8.2 -999.9 
ACBB_Mons 2017 11 15 319 6.9 9.6 2.2 0.2 0.0 1.9 10.5 -999.9 
ACBB_Mons 2017 11 16 320 4.2 9.7 2.7 0.0 0.5 1.3 10.3 -999.9 
ACBB_Mons 2017 11 17 321 5.1 10.3 4.7 0.2 0.0 1.3 8.8 -999.9 
ACBB_Mons 2017 11 18 322 -1.1 8.7 4.0 0.0 8.0 2.3 8.2 -999.9 
ACBB_Mons 2017 11 19 323 2.5 7.8 6.4 0.0 0.0 1.6 7.5 -999.9 
ACBB_Mons 2017 11 20 324 -0.8 9.7 1.3 0.0 1.0 3.4 9.1 -999.9 
ACBB_Mons 2017 11 21 325 8.8 10.4 2.5 0.6 0.0 4.9 10.7 -999.9 
ACBB_Mons 2017 11 22 326 7.9 13.1 6.0 0.6 0.0 4.7 10.0 -999.9 
ACBB_Mons 2017 11 23 327 7.5 14.9 2.9 0.9 8.0 5.3 11.1 -999.9 
ACBB_Mons 2017 11 24 328 7.3 10.6 4.1 0.1 1.0 2.1 10.0 -999.9 
ACBB_Mons 2017 11 25 329 1.7 6.3 2.6 0.1 2.0 2.2 7.6 -999.9 
ACBB_Mons 2017 11 26 330 1.1 7.5 5.4 0.0 0.0 2.9 7.0 -999.9 
ACBB_Mons 2017 11 27 331 1.3 8.1 0.7 0.0 17.5 5.5 9.1 -999.9 
ACBB_Mons 2017 11 28 332 3.2 7.3 3.4 0.0 2.0 2.5 8.1 -999.9 
ACBB_Mons 2017 11 29 333 0.1 5.0 2.2 0.1 0.5 2.7 7.0 -999.9 
ACBB_Mons 2017 11 30 334 1.0 4.0 3.5 0.1 2.5 3.5 6.5 -999.9 
ACBB_Mons 2017 12 1 335 0.2 2.6 3.4 0.0 2.5 1.9 6.4 -999.9 
ACBB_Mons 2017 12 2 336 -2.3 -1.0 1.7 0.0 0.0 1.4 5.4 -999.9 
ACBB_Mons 2017 12 3 337 -2.6 4.0 1.0 0.0 1.5 2.3 6.2 -999.9 
ACBB_Mons 2017 12 4 338 1.6 6.5 1.6 0.0 0.0 1.0 8.4 -999.9 
ACBB_Mons 2017 12 5 339 1.7 6.1 1.2 0.0 0.0 1.3 8.6 -999.9 
ACBB_Mons 2017 12 6 340 5.2 7.3 1.5 0.3 0.0 2.7 8.7 -999.9 
ACBB_Mons 2017 12 7 341 2.1 8.5 0.9 0.5 4.0 6.3 8.0 -999.9 
ACBB_Mons 2017 12 8 342 0.1 5.5 3.7 0.0 2.0 2.9 6.2 -999.9 
ACBB_Mons 2017 12 9 343 -2.1 3.0 5.4 0.0 1.0 2.7 5.8 -999.9 
ACBB_Mons 2017 12 10 344 0.0 9.6 2.4 0.4 10.5 6.4 7.8 -999.9 
ACBB_Mons 2017 12 11 345 0.9 8.9 1.3 0.4 11.0 5.7 8.1 -999.9 
ACBB_Mons 2017 12 12 346 0.4 5.4 4.7 0.0 2.0 2.8 6.6 -999.9 
ACBB_Mons 2017 12 13 347 0.9 8.8 0.9 0.0 10.5 6.4 8.6 -999.9 
ACBB_Mons 2017 12 14 348 3.2 5.6 1.1 0.6 8.5 6.3 7.3 -999.9 
ACBB_Mons 2017 12 15 349 0.8 4.1 1.0 0.0 2.0 3.4 7.4 -999.9 
ACBB_Mons 2017 12 16 350 0.9 4.6 3.7 0.0 1.5 2.8 7.0 -999.9 
ACBB_Mons 2017 12 17 351 -0.9 7.5 4.9 0.0 3.0 2.4 6.9 -999.9 
ACBB_Mons 2017 12 18 352 2.4 8.0 3.2 0.0 0.5 3.1 8.4 -999.9 
ACBB_Mons 2017 12 19 353 0.7 6.2 2.4 0.0 0.0 1.7 7.8 -999.9 
ACBB_Mons 2017 12 20 354 3.9 8.4 1.3 0.0 1.0 1.4 10.0 -999.9 
ACBB_Mons 2017 12 21 355 7.0 10.1 1.2 0.0 2.0 2.5 11.4 -999.9 
ACBB_Mons 2017 12 22 356 8.2 10.0 1.4 0.1 0.0 1.4 11.2 -999.9 
ACBB_Mons 2017 12 23 357 8.2 9.5 0.9 0.0 0.0 2.9 11.1 -999.9 
ACBB_Mons 2017 12 24 358 7.8 9.0 0.7 0.1 0.5 3.7 10.6 -999.9 
ACBB_Mons 2017 12 25 359 4.6 7.1 1.5 0.2 2.5 5.5 8.8 -999.9 
ACBB_Mons 2017 12 26 360 4.0 7.0 3.1 0.0 3.0 6.2 8.4 -999.9 
ACBB_Mons 2017 12 27 361 3.1 6.0 1.5 0.3 2.0 5.4 7.8 -999.9 
ACBB_Mons 2017 12 28 362 -0.3 5.1 4.6 0.0 0.0 2.2 6.3 -999.9 
ACBB_Mons 2017 12 29 363 -0.1 9.4 0.9 0.6 7.5 4.9 7.2 -999.9 
ACBB_Mons 2017 12 30 364 4.1 14.2 2.2 0.0 5.0 5.8 12.0 -999.9 
ACBB_Mons 2017 12 31 365 9.2 14.1 2.6 1.1 6.0 8.3 11.5 -999.9 
