ACBB_Mons 2009 1 1 1 -2.7 -0.8 1.9 0.1 0.0 2.8 5.0 -999.9
ACBB_Mons 2009 1 2 2 -5.5 0.2 1.9 0.0 0.0 2.5 5.1 -999.9
ACBB_Mons 2009 1 3 3 -5.1 -1.3 5.6 0.0 0.0 2.5 4.6 -999.9
ACBB_Mons 2009 1 4 4 -8.6 -0.4 1.3 0.0 0.0 1.0 4.5 -999.9
ACBB_Mons 2009 1 5 5 -2.1 -0.6 1.0 0.1 0.0 2.9 5.3 -999.9
ACBB_Mons 2009 1 6 6 -10.1 -6.1 3.3 0.0 0.0 3.5 3.0 -999.9
ACBB_Mons 2009 1 7 7 -15.8 0.0 2.7 0.0 0.0 1.0 3.8 -999.9
ACBB_Mons 2009 1 8 8 -6.8 -2.1 6.6 0.0 0.0 2.6 4.3 -999.9
ACBB_Mons 2009 1 9 9 -12.5 -4.6 8.0 0.0 0.0 1.6 2.8 -999.9
ACBB_Mons 2009 1 10 10 -14.2 -4.9 7.6 0.0 0.0 1.2 2.8 -999.9
ACBB_Mons 2009 1 11 11 -12.3 -1.2 6.8 0.0 0.0 2.5 3.7 -999.9
ACBB_Mons 2009 1 12 12 -6.6 4.6 3.6 0.0 4.0 4.4 6.1 -999.9
ACBB_Mons 2009 1 13 13 2.7 4.5 1.2 0.1 4.0 3.6 7.7 -999.9
ACBB_Mons 2009 1 14 14 2.1 4.2 1.7 0.1 1.0 2.0 7.6 -999.9
ACBB_Mons 2009 1 15 15 1.4 4.9 3.8 0.2 0.0 3.8 6.7 -999.9
ACBB_Mons 2009 1 16 16 0.1 4.7 2.4 0.1 0.0 3.8 6.9 -999.9
ACBB_Mons 2009 1 17 17 2.1 8.2 2.3 0.0 5.0 5.3 9.1 -999.9
ACBB_Mons 2009 1 18 18 3.8 7.1 3.0 0.3 8.5 6.2 8.4 -999.9
ACBB_Mons 2009 1 19 19 2.6 10.7 3.3 0.6 1.0 6.7 8.6 -999.9
ACBB_Mons 2009 1 20 20 1.1 6.0 4.5 0.0 0.0 3.9 7.2 -999.9
ACBB_Mons 2009 1 21 21 0.3 4.0 1.3 0.0 0.0 3.0 6.9 -999.9
ACBB_Mons 2009 1 22 22 1.1 8.3 0.8 0.0 8.0 6.0 8.6 -999.9
ACBB_Mons 2009 1 23 23 4.8 9.2 1.3 0.7 7.0 6.4 9.0 -999.9
ACBB_Mons 2009 1 24 24 -0.8 5.4 4.2 0.0 0.0 1.8 6.9 -999.9
ACBB_Mons 2009 1 25 25 0.7 4.5 4.9 0.1 0.0 5.2 6.8 -999.9
ACBB_Mons 2009 1 26 26 1.8 7.0 5.0 0.1 0.0 2.3 7.5 -999.9
ACBB_Mons 2009 1 27 27 1.6 7.0 5.9 0.1 0.0 2.1 6.8 -999.9
ACBB_Mons 2009 1 28 28 -2.6 0.6 1.9 0.1 0.0 2.0 5.6 -999.9
ACBB_Mons 2009 1 29 29 -3.8 2.6 8.9 0.0 0.5 2.6 5.8 -999.9
ACBB_Mons 2009 1 30 30 -2.4 3.4 7.1 0.0 0.0 4.0 5.6 -999.9
ACBB_Mons 2009 1 31 31 -1.8 2.2 7.7 0.3 0.0 5.9 5.1 -999.9
ACBB_Mons 2009 2 1 32 -3.2 1.4 6.7 0.5 0.0 5.2 4.6 -999.9
ACBB_Mons 2009 2 2 33 -2.0 2.7 2.0 0.2 0.5 5.3 6.2 -999.9
ACBB_Mons 2009 2 3 34 -1.2 2.1 5.4 0.1 0.0 1.8 5.5 -999.9
ACBB_Mons 2009 2 4 35 -4.4 2.6 3.3 0.0 0.5 2.6 5.6 -999.9
ACBB_Mons 2009 2 5 36 0.3 7.1 3.4 0.2 0.0 3.4 7.8 -999.9
ACBB_Mons 2009 2 6 37 1.6 10.5 6.8 0.3 2.0 2.8 8.2 -999.9
ACBB_Mons 2009 2 7 38 0.7 3.2 1.4 0.1 0.0 3.0 6.9 -999.9
ACBB_Mons 2009 2 8 39 -0.8 5.1 4.7 0.3 0.5 2.7 6.4 -999.9
ACBB_Mons 2009 2 9 40 0.1 11.4 1.5 0.5 12.0 5.5 8.4 -999.9
ACBB_Mons 2009 2 10 41 2.4 5.6 3.0 0.3 0.5 7.9 8.0 -999.9
ACBB_Mons 2009 2 11 42 -1.3 6.1 5.5 0.3 0.5 2.3 6.7 -999.9
ACBB_Mons 2009 2 12 43 0.1 4.3 6.7 0.3 0.0 3.2 6.5 -999.9
ACBB_Mons 2009 2 13 44 0.1 1.9 1.5 0.1 0.0 2.0 6.5 -999.9
ACBB_Mons 2009 2 14 45 -0.9 4.8 10.8 0.3 0.0 2.0 5.6 -999.9
ACBB_Mons 2009 2 15 46 -3.3 4.4 7.0 0.2 0.0 1.8 5.9 -999.9
ACBB_Mons 2009 2 16 47 2.3 8.6 3.1 0.3 0.5 2.5 9.0 -999.9
ACBB_Mons 2009 2 17 48 5.0 8.1 2.5 0.3 0.0 4.4 9.6 -999.9
ACBB_Mons 2009 2 18 49 2.1 4.8 6.5 0.4 0.0 1.7 6.9 -999.9
ACBB_Mons 2009 2 19 50 -2.7 5.8 9.6 0.2 0.0 1.5 6.5 -999.9
ACBB_Mons 2009 2 20 51 4.1 8.8 4.9 0.6 0.0 2.1 8.5 -999.9
ACBB_Mons 2009 2 21 52 3.2 9.3 4.7 0.5 0.0 1.2 8.4 -999.9
ACBB_Mons 2009 2 22 53 3.4 8.4 3.2 0.3 0.5 3.0 9.4 -999.9
ACBB_Mons 2009 2 23 54 4.5 7.3 2.1 0.2 0.0 2.1 9.1 -999.9
ACBB_Mons 2009 2 24 55 2.7 5.5 3.7 0.5 0.0 2.0 7.7 -999.9
ACBB_Mons 2009 2 25 56 -0.3 7.7 8.9 0.4 0.0 1.5 7.6 -999.9
ACBB_Mons 2009 2 26 57 3.9 9.1 3.8 0.6 0.0 3.3 8.9 -999.9
ACBB_Mons 2009 2 27 58 3.3 10.5 4.6 0.6 0.0 2.5 9.2 -999.9
ACBB_Mons 2009 2 28 59 0.3 11.0 10.5 0.5 0.0 1.5 8.8 -999.9
ACBB_Mons 2009 3 1 60 3.5 10.8 5.9 0.5 0.5 2.9 9.9 -999.9
ACBB_Mons 2009 3 2 61 4.1 10.4 11.4 1.0 0.0 2.2 8.3 -999.9
ACBB_Mons 2009 3 3 62 0.2 10.0 8.1 1.0 0.5 4.0 7.5 -999.9
ACBB_Mons 2009 3 4 63 3.4 5.8 2.9 0.7 4.0 4.8 7.5 -999.9
ACBB_Mons 2009 3 5 64 -2.1 7.7 9.9 0.6 0.0 2.7 6.9 -999.9
ACBB_Mons 2009 3 6 65 0.7 8.6 13.1 1.2 0.0 4.2 7.0 -999.9
ACBB_Mons 2009 3 7 66 -0.6 9.4 5.4 0.5 0.0 2.3 8.3 -999.9
ACBB_Mons 2009 3 8 67 6.5 10.3 6.7 1.5 0.5 5.8 9.1 -999.9
ACBB_Mons 2009 3 9 68 2.5 10.5 13.4 1.8 0.5 5.7 7.5 -999.9
ACBB_Mons 2009 3 10 69 4.0 12.0 6.2 1.3 7.5 5.9 9.3 -999.9
ACBB_Mons 2009 3 11 70 1.2 10.6 12.2 1.1 0.0 1.7 7.6 -999.9
ACBB_Mons 2009 3 12 71 4.4 11.1 4.0 0.8 0.5 4.4 9.9 -999.9
ACBB_Mons 2009 3 13 72 7.1 10.9 3.1 0.5 0.0 1.9 10.8 -999.9
ACBB_Mons 2009 3 14 73 4.6 11.5 5.6 0.8 0.0 2.9 10.0 -999.9
ACBB_Mons 2009 3 15 74 2.1 13.0 14.9 1.3 0.0 2.3 9.1 -999.9
ACBB_Mons 2009 3 16 75 0.7 14.2 15.8 1.3 0.0 1.1 9.1 -999.9
ACBB_Mons 2009 3 17 76 2.4 14.9 14.3 1.4 0.0 2.3 9.8 -999.9
ACBB_Mons 2009 3 18 77 3.2 15.5 17.9 2.4 0.0 2.8 6.8 -999.9
ACBB_Mons 2009 3 19 78 3.0 14.1 16.7 2.5 0.0 3.8 7.0 -999.9
ACBB_Mons 2009 3 20 79 0.8 11.8 17.6 2.2 0.0 3.1 5.7 -999.9
ACBB_Mons 2009 3 21 80 -2.0 12.1 17.8 1.7 0.0 1.4 5.2 -999.9
ACBB_Mons 2009 3 22 81 0.8 12.5 11.8 1.5 0.0 3.4 8.0 -999.9
ACBB_Mons 2009 3 23 82 5.6 13.1 10.6 2.4 1.0 6.2 8.9 -999.9
ACBB_Mons 2009 3 24 83 3.3 8.8 9.8 1.9 3.0 5.7 7.3 -999.9
ACBB_Mons 2009 3 25 84 3.2 11.3 9.9 1.7 9.0 6.4 8.8 -999.9
ACBB_Mons 2009 3 26 85 4.6 9.1 3.6 0.4 1.5 5.6 9.9 -999.9
ACBB_Mons 2009 3 27 86 4.3 9.9 10.2 1.6 6.0 5.0 8.7 -999.9
ACBB_Mons 2009 3 28 87 4.4 9.4 10.4 1.6 4.5 4.9 8.5 -999.9
ACBB_Mons 2009 3 29 88 0.5 9.8 13.7 1.7 0.0 3.2 7.0 -999.9
ACBB_Mons 2009 3 30 89 -0.9 10.5 17.1 1.7 0.0 1.2 6.3 -999.9
ACBB_Mons 2009 3 31 90 0.8 13.6 20.1 2.4 0.0 3.3 7.4 -999.9
ACBB_Mons 2009 4 1 91 3.4 15.8 20.3 3.4 0.0 5.4 8.0 -999.9
ACBB_Mons 2009 4 2 92 5.4 18.1 19.4 2.9 0.0 3.3 10.2 -999.9
ACBB_Mons 2009 4 3 93 4.1 15.0 16.2 1.8 0.0 1.7 10.9 -999.9
ACBB_Mons 2009 4 4 94 6.2 13.2 11.4 1.6 0.0 2.3 10.5 -999.9
ACBB_Mons 2009 4 5 95 5.1 16.3 17.6 2.3 0.0 1.3 9.1 -999.9
ACBB_Mons 2009 4 6 96 6.0 19.8 17.3 2.9 6.5 2.7 10.0 -999.9
ACBB_Mons 2009 4 7 97 9.0 14.5 9.2 1.8 0.0 2.4 11.1 -999.9
ACBB_Mons 2009 4 8 98 6.0 12.6 4.7 0.8 6.0 4.6 11.5 -999.9
ACBB_Mons 2009 4 9 99 11.1 18.3 11.1 2.3 0.0 3.4 13.4 -999.9
ACBB_Mons 2009 4 10 100 7.9 21.1 17.8 3.1 0.0 3.2 12.4 -999.9
ACBB_Mons 2009 4 11 101 10.2 20.6 15.9 3.1 0.0 2.9 12.6 -999.9
ACBB_Mons 2009 4 12 102 10.4 18.4 13.8 2.6 0.0 2.9 13.0 -999.9
ACBB_Mons 2009 4 13 103 7.6 18.2 18.2 2.6 0.0 2.0 12.2 -999.9
ACBB_Mons 2009 4 14 104 9.4 20.1 16.1 2.8 0.0 2.7 13.4 -999.9
ACBB_Mons 2009 4 15 105 11.2 22.6 20.2 4.5 3.5 4.1 11.7 -999.9
ACBB_Mons 2009 4 16 106 10.6 14.8 7.7 1.6 4.5 2.3 12.8 -999.9
ACBB_Mons 2009 4 17 107 8.1 11.3 6.2 1.1 6.5 3.7 11.4 -999.9
ACBB_Mons 2009 4 18 108 8.6 13.0 5.7 1.1 2.0 2.2 12.1 -999.9
ACBB_Mons 2009 4 19 109 8.5 17.7 12.8 2.5 0.0 2.6 11.6 -999.9
ACBB_Mons 2009 4 20 110 7.7 17.7 21.9 3.3 0.0 3.6 12.2 -999.9
ACBB_Mons 2009 4 21 111 7.9 17.8 17.9 3.1 0.5 3.1 11.3 -999.9
ACBB_Mons 2009 4 22 112 4.1 16.6 21.9 3.0 0.0 2.4 10.0 -999.9
ACBB_Mons 2009 4 23 113 2.6 16.8 25.5 3.4 0.0 2.0 7.9 -999.9
ACBB_Mons 2009 4 24 114 3.7 17.6 24.9 3.9 0.0 3.5 8.6 -999.9
ACBB_Mons 2009 4 25 115 5.1 16.0 14.1 2.5 0.0 3.0 9.9 -999.9
ACBB_Mons 2009 4 26 116 7.5 15.0 10.5 1.7 1.5 0.9 11.4 -999.9
ACBB_Mons 2009 4 27 117 7.4 15.0 13.9 2.8 6.5 4.5 10.4 -999.9
ACBB_Mons 2009 4 28 118 6.1 13.7 18.2 2.7 0.0 2.5 9.6 -999.9
ACBB_Mons 2009 4 29 119 5.5 16.5 15.8 2.4 1.0 1.4 10.4 -999.9
ACBB_Mons 2009 4 30 120 3.4 18.6 23.3 3.1 0.0 1.3 10.2 -999.9
ACBB_Mons 2009 5 1 121 6.3 20.1 20.3 3.3 0.0 1.8 11.2 -999.9
ACBB_Mons 2009 5 2 122 4.1 17.3 13.9 2.0 0.0 1.8 11.9 -999.9
ACBB_Mons 2009 5 3 123 4.7 15.1 13.0 2.1 0.5 2.4 10.3 -999.9
ACBB_Mons 2009 5 4 124 4.6 14.3 17.9 2.7 0.0 2.0 8.9 -999.9
ACBB_Mons 2009 5 5 125 7.3 15.3 6.0 1.4 0.0 3.6 12.1 -999.9
ACBB_Mons 2009 5 6 126 10.5 18.0 14.2 3.5 0.0 4.0 11.3 -999.9
ACBB_Mons 2009 5 7 127 5.3 21.6 20.7 3.3 0.5 1.7 12.4 -999.9
ACBB_Mons 2009 5 8 128 8.2 17.9 15.2 3.3 0.0 3.1 10.3 -999.9
ACBB_Mons 2009 5 9 129 3.3 17.9 16.8 2.6 0.0 2.1 10.7 -999.9
ACBB_Mons 2009 5 10 130 5.1 22.0 24.4 3.8 5.0 2.3 12.4 -999.9
ACBB_Mons 2009 5 11 131 11.7 16.2 11.8 2.6 7.5 4.9 13.6 -999.9
ACBB_Mons 2009 5 12 132 9.2 14.7 3.9 0.7 36.0 4.2 13.5 -999.9
ACBB_Mons 2009 5 13 133 11.8 20.1 9.8 2.1 0.0 2.1 15.9 -999.9
ACBB_Mons 2009 5 14 134 13.0 19.5 11.4 2.2 8.0 1.4 16.3 -999.9
ACBB_Mons 2009 5 15 135 10.5 16.3 13.3 2.6 5.0 3.3 13.1 -999.9
ACBB_Mons 2009 5 16 136 7.3 17.8 13.1 2.5 1.5 4.1 12.5 -999.9
ACBB_Mons 2009 5 17 137 9.8 15.7 13.0 2.6 0.0 4.1 12.4 -999.9
ACBB_Mons 2009 5 18 138 8.6 18.5 22.0 4.0 0.0 3.5 11.4 -999.9
ACBB_Mons 2009 5 19 139 6.8 19.9 23.8 3.9 0.0 2.2 11.2 -999.9
ACBB_Mons 2009 5 20 140 6.3 21.7 25.7 4.0 0.0 1.2 11.8 -999.9
ACBB_Mons 2009 5 21 141 9.6 20.9 23.4 4.1 0.0 1.9 12.8 -999.9
ACBB_Mons 2009 5 22 142 5.8 18.6 29.1 4.5 0.0 2.3 10.1 -999.9
ACBB_Mons 2009 5 23 143 6.2 21.7 21.2 3.7 0.0 2.2 12.2 -999.9
ACBB_Mons 2009 5 24 144 10.9 26.7 24.6 4.7 0.0 1.8 16.3 -999.9
ACBB_Mons 2009 5 25 145 12.7 28.0 21.5 4.7 16.5 3.2 18.9 -999.9
ACBB_Mons 2009 5 26 146 12.9 17.0 9.6 2.5 1.0 4.4 14.3 -999.9
ACBB_Mons 2009 5 27 147 6.9 14.6 14.7 2.4 0.5 3.8 11.8 -999.9
ACBB_Mons 2009 5 28 148 10.9 18.2 8.7 1.6 0.0 2.6 16.2 -999.9
ACBB_Mons 2009 5 29 149 12.4 20.6 28.1 5.5 0.0 3.2 12.2 -999.9
ACBB_Mons 2009 5 30 150 8.1 21.7 30.3 5.5 0.0 3.4 11.2 -999.9
ACBB_Mons 2009 5 31 151 10.2 21.5 22.8 4.1 0.0 2.7 14.6 -999.9
ACBB_Mons 2009 6 1 152 11.7 24.4 26.3 5.0 1.5 3.0 16.0 -999.9
ACBB_Mons 2009 6 2 153 10.9 21.8 28.2 5.3 0.0 3.7 13.7 -999.9
ACBB_Mons 2009 6 3 154 9.9 19.2 21.3 4.0 0.0 2.7 12.2 -999.9
ACBB_Mons 2009 6 4 155 6.6 15.8 22.4 3.6 0.0 2.0 9.7 -999.9
ACBB_Mons 2009 6 5 156 4.0 17.1 23.2 3.5 0.0 1.9 9.8 -999.9
ACBB_Mons 2009 6 6 157 6.5 16.5 12.1 2.3 0.0 1.9 10.7 -999.9
ACBB_Mons 2009 6 7 158 9.3 18.0 18.1 3.6 2.5 3.1 11.4 -999.9
ACBB_Mons 2009 6 8 159 5.8 17.0 16.6 2.5 4.0 2.0 12.8 -999.9
ACBB_Mons 2009 6 9 160 10.8 19.1 18.7 3.5 1.0 4.5 14.7 -999.9
ACBB_Mons 2009 6 10 161 9.8 17.0 10.1 1.9 14.0 2.5 14.3 -999.9
ACBB_Mons 2009 6 11 162 11.1 18.3 24.2 4.7 0.0 4.0 12.4 -999.9
ACBB_Mons 2009 6 12 163 6.1 20.1 24.0 3.8 0.0 1.6 12.2 -999.9
ACBB_Mons 2009 6 13 164 10.4 23.9 26.5 4.6 0.0 1.2 14.9 -999.9
ACBB_Mons 2009 6 14 165 13.3 25.1 24.8 4.7 0.0 1.7 18.3 -999.9
ACBB_Mons 2009 6 15 166 13.0 19.6 10.3 2.2 5.0 1.7 16.0 -999.9
ACBB_Mons 2009 6 16 167 9.3 21.4 27.0 4.6 0.0 2.5 13.7 -999.9
ACBB_Mons 2009 6 17 168 9.7 23.8 28.2 5.0 0.0 2.3 14.5 -999.9
ACBB_Mons 2009 6 18 169 13.8 22.5 24.2 5.0 0.0 2.6 14.4 -999.9
ACBB_Mons 2009 6 19 170 12.2 19.5 24.4 4.9 0.0 3.1 12.3 -999.9
ACBB_Mons 2009 6 20 171 7.4 17.5 13.2 2.2 1.0 1.5 12.9 -999.9
ACBB_Mons 2009 6 21 172 8.6 19.4 16.5 2.9 0.5 1.9 13.4 -999.9
ACBB_Mons 2009 6 22 173 7.1 19.4 23.2 3.9 0.0 2.0 11.7 -999.9
ACBB_Mons 2009 6 23 174 8.0 21.7 28.9 4.9 0.0 2.9 13.1 -999.9
ACBB_Mons 2009 6 24 175 11.7 24.3 30.0 6.3 0.0 3.6 12.8 -999.9
ACBB_Mons 2009 6 25 176 11.8 26.8 26.0 5.1 0.0 2.3 17.2 -999.9
ACBB_Mons 2009 6 26 177 14.8 21.3 14.1 2.8 1.0 2.5 18.7 -999.9
ACBB_Mons 2009 6 27 178 14.0 24.4 21.8 4.3 0.0 2.1 17.8 -999.9
ACBB_Mons 2009 6 28 179 11.6 26.6 23.1 4.3 0.0 1.1 17.9 -999.9
ACBB_Mons 2009 6 29 180 13.8 28.3 28.8 5.7 0.0 1.6 18.1 -999.9
ACBB_Mons 2009 6 30 181 14.8 28.2 28.5 5.9 0.0 2.2 18.8 -999.9
ACBB_Mons 2009 7 1 182 14.3 27.7 26.8 5.5 0.0 2.0 18.3 -999.9
ACBB_Mons 2009 7 2 183 16.6 31.6 25.7 5.8 13.0 1.7 20.7 -999.9
ACBB_Mons 2009 7 3 184 16.5 25.4 24.1 5.0 0.0 2.0 18.3 -999.9
ACBB_Mons 2009 7 4 185 10.8 27.1 29.3 5.2 0.0 1.0 15.4 -999.9
ACBB_Mons 2009 7 5 186 16.6 25.6 25.2 5.2 0.0 1.6 17.5 -999.9
ACBB_Mons 2009 7 6 187 12.9 23.3 19.9 4.1 1.0 2.3 15.3 -999.9
ACBB_Mons 2009 7 7 188 12.8 20.6 17.9 3.9 2.5 3.6 14.6 -999.9
ACBB_Mons 2009 7 8 189 13.9 21.7 26.0 5.4 0.0 3.0 13.2 -999.9
ACBB_Mons 2009 7 9 190 11.7 20.0 18.6 3.8 1.5 2.2 12.8 -999.9
ACBB_Mons 2009 7 10 191 10.1 20.9 22.8 4.4 0.0 2.3 11.5 -999.9
ACBB_Mons 2009 7 11 192 11.8 21.8 12.1 2.7 2.5 1.8 14.9 -999.9
ACBB_Mons 2009 7 12 193 15.4 23.7 20.3 4.4 0.0 2.4 16.4 -999.9
ACBB_Mons 2009 7 13 194 10.1 26.6 21.4 4.3 0.0 1.6 14.7 -999.9
ACBB_Mons 2009 7 14 195 13.8 27.0 23.2 5.0 0.0 1.8 15.0 -999.9
ACBB_Mons 2009 7 15 196 13.2 26.6 26.3 5.8 0.0 2.9 13.7 -999.9
ACBB_Mons 2009 7 16 197 11.4 29.4 23.8 5.1 3.5 2.1 15.4 -999.9
ACBB_Mons 2009 7 17 198 16.0 22.9 19.7 5.1 2.5 4.1 14.9 -999.9
ACBB_Mons 2009 7 18 199 13.0 22.1 19.2 4.7 0.5 4.2 13.7 -999.9
ACBB_Mons 2009 7 19 200 13.6 22.9 17.8 4.5 1.0 3.6 13.8 -999.9
ACBB_Mons 2009 7 20 201 12.7 24.4 20.3 4.5 0.0 2.6 13.9 -999.9
ACBB_Mons 2009 7 21 202 15.3 32.6 21.9 5.7 0.0 2.7 17.0 -999.9
ACBB_Mons 2009 7 22 203 18.0 28.8 18.2 5.1 4.0 2.7 16.7 -999.9
ACBB_Mons 2009 7 23 204 14.8 22.2 12.3 2.7 10.0 1.6 17.2 -999.9
ACBB_Mons 2009 7 24 205 14.0 24.2 18.9 4.4 4.0 3.0 14.9 -999.9
ACBB_Mons 2009 7 25 206 10.9 24.3 23.7 4.6 0.0 2.3 13.7 -999.9
ACBB_Mons 2009 7 26 207 9.1 27.0 24.6 4.8 0.0 2.0 13.2 -999.9
ACBB_Mons 2009 7 27 208 12.2 25.8 17.8 4.1 2.0 2.1 14.1 -999.9
ACBB_Mons 2009 7 28 209 8.5 25.6 18.5 3.7 0.0 1.5 12.9 -999.9
ACBB_Mons 2009 7 29 210 10.1 28.0 21.8 4.7 0.0 2.2 13.2 -999.9
ACBB_Mons 2009 7 30 211 13.0 23.5 18.4 4.8 0.0 3.4 12.0 -999.9
ACBB_Mons 2009 7 31 212 7.8 24.9 22.3 4.1 0.0 1.3 10.8 -999.9
ACBB_Mons 2009 8 1 213 13.0 28.6 20.7 5.3 10.5 3.0 12.8 -999.9
ACBB_Mons 2009 8 2 214 15.4 21.4 14.4 3.4 0.0 2.0 14.3 -999.9
ACBB_Mons 2009 8 3 215 9.9 23.9 23.4 4.1 0.0 1.1 11.9 -999.9
ACBB_Mons 2009 8 4 216 11.1 27.3 26.4 5.3 0.5 2.5 13.2 -999.9
ACBB_Mons 2009 8 5 217 14.3 28.6 18.1 4.4 0.0 1.7 13.7 -999.9
ACBB_Mons 2009 8 6 218 15.0 31.4 24.9 5.5 0.0 1.8 15.4 -999.9
ACBB_Mons 2009 8 7 219 17.9 27.0 17.5 4.3 0.0 2.4 18.5 -999.9
ACBB_Mons 2009 8 8 220 15.8 25.3 19.9 4.4 0.0 2.3 16.0 -999.9
ACBB_Mons 2009 8 9 221 13.4 25.4 21.3 4.4 0.0 2.1 14.9 -999.9
ACBB_Mons 2009 8 10 222 12.3 27.6 20.6 4.4 1.0 2.2 14.7 -999.9
ACBB_Mons 2009 8 11 223 16.2 24.8 14.4 3.5 0.0 2.4 17.5 -999.9
ACBB_Mons 2009 8 12 224 12.9 27.4 23.9 4.9 0.0 3.2 17.1 -999.9
ACBB_Mons 2009 8 13 225 17.9 19.7 6.9 2.0 11.5 2.3 17.7 -999.9
ACBB_Mons 2009 8 14 226 10.2 24.3 23.9 4.0 0.0 1.4 13.5 -999.9
ACBB_Mons 2009 8 15 227 12.1 31.1 24.6 5.4 0.0 2.6 15.1 -999.9
ACBB_Mons 2009 8 16 228 13.3 26.1 18.1 3.6 0.0 1.7 17.1 -999.9
ACBB_Mons 2009 8 17 229 13.0 23.7 19.0 3.8 0.0 2.2 14.7 -999.9
ACBB_Mons 2009 8 18 230 9.2 26.7 22.6 3.9 0.0 1.4 14.2 -999.9
ACBB_Mons 2009 8 19 231 14.1 33.6 23.3 5.4 0.0 2.5 17.5 -999.9
ACBB_Mons 2009 8 20 232 19.7 32.7 16.8 5.5 0.0 3.2 17.6 -999.9
ACBB_Mons 2009 8 21 233 12.6 23.9 21.8 4.5 0.0 2.7 12.0 -999.9
ACBB_Mons 2009 8 22 234 12.3 24.6 21.6 4.0 0.0 1.3 11.6 -999.9
ACBB_Mons 2009 8 23 235 12.3 28.1 23.6 5.4 0.0 3.2 11.3 -999.9
ACBB_Mons 2009 8 24 236 13.7 28.2 12.6 3.7 0.5 2.6 15.1 -999.9
ACBB_Mons 2009 8 25 237 15.6 23.0 12.8 3.0 0.0 1.5 14.3 -999.9
ACBB_Mons 2009 8 26 238 11.6 25.4 18.4 4.3 0.0 3.2 12.5 -999.9
ACBB_Mons 2009 8 27 239 13.1 25.8 12.6 3.3 0.0 3.2 16.0 -999.9
ACBB_Mons 2009 8 28 240 12.9 22.5 20.2 5.1 0.0 5.3 12.1 -999.9
ACBB_Mons 2009 8 29 241 8.9 21.6 20.7 3.7 0.0 2.4 10.7 -999.9
ACBB_Mons 2009 8 30 242 6.1 22.4 20.6 3.2 0.0 1.7 10.5 -999.9
ACBB_Mons 2009 8 31 243 11.5 28.1 21.6 5.1 0.0 3.5 11.1 -999.9
ACBB_Mons 2009 9 1 244 16.1 20.2 6.7 2.3 5.0 2.6 15.3 -999.9
ACBB_Mons 2009 9 2 245 11.3 20.9 12.7 2.9 6.0 4.0 13.8 -999.9
ACBB_Mons 2009 9 3 246 13.4 19.1 13.7 3.9 1.0 6.8 13.4 -999.9
ACBB_Mons 2009 9 4 247 10.5 17.6 12.5 2.8 1.0 4.3 12.0 -999.9
ACBB_Mons 2009 9 5 248 10.0 19.4 13.4 2.7 0.0 3.0 12.0 -999.9
ACBB_Mons 2009 9 6 249 7.5 21.1 14.3 2.4 0.0 1.9 12.3 -999.9
ACBB_Mons 2009 9 7 250 9.7 26.2 19.6 3.5 0.0 2.0 13.4 -999.9
ACBB_Mons 2009 9 8 251 12.6 29.5 19.2 4.1 0.0 2.4 13.9 -999.9
ACBB_Mons 2009 9 9 252 13.6 21.0 6.3 1.8 1.0 2.8 16.2 -999.9
ACBB_Mons 2009 9 10 253 13.9 21.1 15.7 3.4 0.0 3.4 13.4 -999.9
ACBB_Mons 2009 9 11 254 11.4 19.9 17.2 3.7 0.0 4.5 11.8 -999.9
ACBB_Mons 2009 9 12 255 11.3 20.0 17.8 3.5 0.0 4.1 12.3 -999.9
ACBB_Mons 2009 9 13 256 9.4 18.6 10.6 2.0 0.0 2.9 12.7 -999.9
ACBB_Mons 2009 9 14 257 10.4 20.0 12.5 2.6 2.5 3.4 12.5 -999.9
ACBB_Mons 2009 9 15 258 11.7 17.0 14.1 2.4 0.0 2.9 12.6 -999.9
ACBB_Mons 2009 9 16 259 12.9 17.9 5.1 1.6 0.0 5.2 15.2 -999.9
ACBB_Mons 2009 9 17 260 12.0 20.1 12.7 3.2 0.0 4.8 12.6 -999.9
ACBB_Mons 2009 9 18 261 13.7 22.8 10.0 2.5 0.0 2.6 14.6 -999.9
ACBB_Mons 2009 9 19 262 13.0 25.2 15.1 2.8 0.0 1.8 14.9 -999.9
ACBB_Mons 2009 9 20 263 12.2 23.9 13.4 2.3 0.0 1.5 15.4 -999.9
ACBB_Mons 2009 9 21 264 12.5 22.3 12.7 2.3 0.0 1.6 14.1 -999.9
ACBB_Mons 2009 9 22 265 9.6 23.2 15.9 2.5 0.0 1.8 13.1 -999.9
ACBB_Mons 2009 9 23 266 8.1 16.9 3.6 0.5 0.0 0.8 14.8 -999.9
ACBB_Mons 2009 9 24 267 14.8 20.0 7.9 1.9 0.5 1.6 14.3 -999.9
ACBB_Mons 2009 9 25 268 7.1 19.9 16.2 2.1 0.0 1.9 10.9 -999.9
ACBB_Mons 2009 9 26 269 8.4 21.1 15.6 2.3 0.0 2.1 11.1 -999.9
ACBB_Mons 2009 9 27 270 8.7 22.6 15.5 2.3 0.0 1.8 11.6 -999.9
ACBB_Mons 2009 9 28 271 6.8 21.2 12.7 1.6 0.0 1.3 12.6 -999.9
ACBB_Mons 2009 9 29 272 9.7 21.8 12.6 1.8 0.0 1.5 13.5 -999.9
ACBB_Mons 2009 9 30 273 8.7 21.8 11.9 1.6 0.0 1.1 13.4 -999.9
ACBB_Mons 2009 10 1 274 11.9 19.2 8.5 1.8 0.0 1.9 12.3 -999.9
ACBB_Mons 2009 10 2 275 3.9 16.6 11.8 1.4 0.0 1.6 9.2 -999.9
ACBB_Mons 2009 10 3 276 5.4 16.4 6.0 1.7 0.0 5.6 10.6 -999.9
ACBB_Mons 2009 10 4 277 12.1 14.2 3.3 1.0 2.0 2.9 13.1 -999.9
ACBB_Mons 2009 10 5 278 11.4 17.5 2.1 0.8 10.0 3.6 14.5 -999.9
ACBB_Mons 2009 10 6 279 12.8 20.7 3.6 0.9 10.0 3.1 17.8 -999.9
ACBB_Mons 2009 10 7 280 16.2 21.3 5.8 1.2 6.0 2.7 19.4 -999.9
ACBB_Mons 2009 10 8 281 13.5 15.3 3.9 1.1 2.0 2.8 14.4 -999.9
ACBB_Mons 2009 10 9 282 10.7 16.0 5.6 1.0 1.0 3.2 13.9 -999.9
ACBB_Mons 2009 10 10 283 13.1 18.1 10.1 1.6 2.5 2.7 13.9 -999.9
ACBB_Mons 2009 10 11 284 8.5 14.9 3.5 0.5 4.0 3.2 13.6 -999.9
ACBB_Mons 2009 10 12 285 8.4 15.9 9.1 1.4 0.0 2.8 11.0 -999.9
ACBB_Mons 2009 10 13 286 7.0 13.4 4.7 0.7 0.0 1.1 11.2 -999.9
ACBB_Mons 2009 10 14 287 5.7 10.8 12.6 1.2 0.5 2.2 7.5 -999.9
ACBB_Mons 2009 10 15 288 0.0 11.3 11.6 0.8 0.0 1.7 7.0 -999.9
ACBB_Mons 2009 10 16 289 3.5 13.7 4.6 0.9 0.5 3.1 9.5 -999.9
ACBB_Mons 2009 10 17 290 6.5 13.3 7.1 1.1 1.5 2.1 9.2 -999.9
ACBB_Mons 2009 10 18 291 1.3 13.1 11.1 0.6 0.0 0.8 7.8 -999.9
ACBB_Mons 2009 10 19 292 3.2 11.1 10.2 1.1 0.0 2.7 7.0 -999.9
ACBB_Mons 2009 10 20 293 2.6 13.6 7.6 1.2 0.0 4.8 8.8 -999.9
ACBB_Mons 2009 10 21 294 10.2 14.6 2.0 0.9 11.0 3.5 11.9 -999.9
ACBB_Mons 2009 10 22 295 9.1 14.0 5.6 0.8 0.0 2.2 11.5 -999.9
ACBB_Mons 2009 10 23 296 8.0 12.7 3.4 0.6 1.0 2.0 11.5 -999.9
ACBB_Mons 2009 10 24 297 7.9 16.8 1.8 0.1 4.0 3.6 14.6 -999.9
ACBB_Mons 2009 10 25 298 9.0 15.7 7.1 0.8 0.0 2.9 12.3 -999.9
ACBB_Mons 2009 10 26 299 8.9 15.5 5.5 0.8 0.5 2.5 12.1 -999.9
ACBB_Mons 2009 10 27 300 4.7 14.2 7.9 0.4 0.0 1.9 10.9 -999.9
ACBB_Mons 2009 10 28 301 6.3 16.1 8.4 0.5 0.0 1.2 10.9 -999.9
ACBB_Mons 2009 10 29 302 6.7 14.0 3.7 0.3 0.5 1.0 12.2 -999.9
ACBB_Mons 2009 10 30 303 6.2 12.4 5.7 0.5 0.0 2.3 10.4 -999.9
ACBB_Mons 2009 10 31 304 6.4 14.1 6.2 0.3 0.5 2.1 11.7 -999.9
ACBB_Mons 2009 11 1 305 11.8 16.2 1.1 0.4 14.5 4.1 14.9 -999.9
ACBB_Mons 2009 11 2 306 7.6 12.1 6.0 0.7 1.5 3.1 10.1 -999.9
ACBB_Mons 2009 11 3 307 3.3 13.6 2.0 0.2 13.5 4.0 11.0 -999.9
ACBB_Mons 2009 11 4 308 7.0 9.4 3.7 0.8 0.5 5.2 9.5 -999.9
ACBB_Mons 2009 11 5 309 6.2 10.4 2.5 0.6 6.5 4.0 9.9 -999.9
ACBB_Mons 2009 11 6 310 4.1 11.5 5.0 0.4 4.0 3.6 9.5 -999.9
ACBB_Mons 2009 11 7 311 4.9 10.4 4.8 0.5 1.0 3.3 9.1 -999.9
ACBB_Mons 2009 11 8 312 2.8 7.3 2.9 0.3 0.5 2.7 8.1 -999.9
ACBB_Mons 2009 11 9 313 3.1 9.7 3.4 0.3 0.5 2.6 8.9 -999.9
ACBB_Mons 2009 11 10 314 4.6 10.6 4.5 0.2 0.0 1.4 9.1 -999.9
ACBB_Mons 2009 11 11 315 3.3 8.3 4.0 0.3 2.0 2.5 8.3 -999.9
ACBB_Mons 2009 11 12 316 2.3 12.4 3.6 0.0 0.5 3.7 10.9 -999.9
ACBB_Mons 2009 11 13 317 9.9 17.3 4.8 0.9 0.0 4.6 12.8 -999.9
ACBB_Mons 2009 11 14 318 10.6 15.4 5.0 1.5 4.0 6.3 11.3 -999.9
ACBB_Mons 2009 11 15 319 8.4 13.2 3.3 0.6 0.5 3.4 11.1 -999.9
ACBB_Mons 2009 11 16 320 8.1 15.4 2.4 0.5 0.0 3.3 12.5 -999.9
ACBB_Mons 2009 11 17 321 10.1 11.7 2.0 0.6 0.5 3.3 11.4 -999.9
ACBB_Mons 2009 11 18 322 8.2 13.1 5.3 0.6 0.0 5.4 10.8 -999.9
ACBB_Mons 2009 11 19 323 6.2 13.3 6.4 0.1 0.5 3.3 10.2 -999.9
ACBB_Mons 2009 11 20 324 6.8 15.8 4.4 0.2 2.0 2.8 12.0 -999.9
ACBB_Mons 2009 11 21 325 9.2 17.1 4.8 0.5 3.5 3.3 12.5 -999.9
ACBB_Mons 2009 11 22 326 8.6 13.3 4.5 0.9 5.0 6.2 10.6 -999.9
ACBB_Mons 2009 11 23 327 8.0 12.8 1.3 1.0 5.0 7.6 11.0 -999.9
ACBB_Mons 2009 11 24 328 8.9 13.4 1.9 0.5 0.5 5.5 12.4 -999.9
ACBB_Mons 2009 11 25 329 8.8 11.2 1.1 0.9 0.5 5.6 10.3 -999.9
ACBB_Mons 2009 11 26 330 7.1 11.3 4.9 0.6 4.0 5.8 9.5 -999.9
ACBB_Mons 2009 11 27 331 6.6 9.6 4.1 0.7 1.0 5.7 8.7 -999.9
ACBB_Mons 2009 11 28 332 5.9 10.8 2.6 0.5 4.5 6.2 9.8 -999.9
ACBB_Mons 2009 11 29 333 7.2 9.3 2.1 0.9 0.5 5.0 8.8 -999.9
ACBB_Mons 2009 11 30 334 3.9 6.9 1.7 0.3 0.5 2.4 8.1 -999.9
ACBB_Mons 2009 12 1 335 2.9 6.7 0.7 0.0 0.0 1.9 8.5 -999.9
ACBB_Mons 2009 12 2 336 3.3 9.5 0.7 0.3 6.0 4.5 8.8 -999.9
ACBB_Mons 2009 12 3 337 4.3 9.8 1.5 0.5 4.5 4.8 9.2 -999.9
ACBB_Mons 2009 12 4 338 0.1 7.3 3.3 0.0 2.0 2.7 7.2 -999.9
ACBB_Mons 2009 12 5 339 4.5 11.4 1.7 0.1 2.0 4.8 10.6 -999.9
ACBB_Mons 2009 12 6 340 7.5 12.3 1.8 0.7 2.0 4.6 10.5 -999.9
ACBB_Mons 2009 12 7 341 4.0 9.6 3.0 0.0 3.0 3.7 9.4 -999.9
ACBB_Mons 2009 12 8 342 4.8 9.1 2.7 0.2 2.0 3.4 8.8 -999.9
ACBB_Mons 2009 12 9 343 5.9 12.5 1.0 0.0 10.5 2.8 11.9 -999.9
ACBB_Mons 2009 12 10 344 7.0 11.1 5.0 0.0 0.0 2.2 9.9 -999.9
ACBB_Mons 2009 12 11 345 1.1 8.5 1.9 0.1 0.0 2.0 8.0 -999.9
ACBB_Mons 2009 12 12 346 2.2 5.4 3.2 0.1 0.0 2.4 6.7 -999.9
ACBB_Mons 2009 12 13 347 0.5 2.9 2.0 0.5 0.0 3.1 5.5 -999.9
ACBB_Mons 2009 12 14 348 -2.5 0.5 4.7 0.0 0.0 2.9 4.4 -999.9
ACBB_Mons 2009 12 15 349 -5.2 0.2 6.8 0.0 0.0 1.7 4.2 -999.9
ACBB_Mons 2009 12 16 350 -5.8 0.0 5.7 0.0 0.0 1.2 4.4 -999.9
ACBB_Mons 2009 12 17 351 -2.5 -1.8 1.4 0.1 0.5 3.1 5.0 -999.9
ACBB_Mons 2009 12 18 352 -6.2 -2.5 4.2 0.0 0.0 3.5 3.9 -999.9
ACBB_Mons 2009 12 19 353 -7.1 -1.6 5.7 0.0 0.0 1.8 3.0 -999.9
ACBB_Mons 2009 12 20 354 -7.2 1.2 3.0 0.0 1.0 3.5 4.5 -999.9
ACBB_Mons 2009 12 21 355 -9.5 1.3 1.8 0.0 4.0 2.8 5.2 -999.9
ACBB_Mons 2009 12 22 356 0.2 1.5 1.9 0.0 0.0 2.1 6.3 -999.9
ACBB_Mons 2009 12 23 357 -1.2 1.3 1.7 0.0 0.0 2.7 6.0 -999.9
ACBB_Mons 2009 12 24 358 -1.3 3.0 2.2 0.0 13.0 2.8 6.6 -999.9
ACBB_Mons 2009 12 25 359 1.0 4.6 2.5 0.1 0.0 3.9 6.8 -999.9
ACBB_Mons 2009 12 26 360 0.1 6.0 4.7 0.0 0.0 3.0 6.5 -999.9
ACBB_Mons 2009 12 27 361 1.5 7.3 3.1 0.3 1.0 4.5 6.9 -999.9
ACBB_Mons 2009 12 28 362 -1.0 3.3 3.3 0.0 0.0 2.5 6.2 -999.9
ACBB_Mons 2009 12 29 363 0.1 10.7 0.9 0.0 6.0 3.8 9.0 -999.9
ACBB_Mons 2009 12 30 364 8.1 10.2 1.7 0.3 0.5 2.8 10.6 -999.9
ACBB_Mons 2009 12 31 365 0.1 3.6 0.7 0.0 2.0 2.3 7.0 -999.9
ACBB_Mons 2010 1 1 1 -0.6 0.9 1.4 0.4 0.0 2.5 5.0 -999.9
ACBB_Mons 2010 1 2 2 -3.8 1.9 2.5 0.0 0.0 1.9 5.5 -999.9
ACBB_Mons 2010 1 3 3 -3.1 0.4 3.2 0.0 0.0 2.3 4.7 -999.9
ACBB_Mons 2010 1 4 4 -7.7 -3.0 3.7 0.0 0.0 1.0 3.7 -999.9
ACBB_Mons 2010 1 5 5 -6.2 -0.3 5.3 0.0 0.0 1.1 4.2 -999.9
ACBB_Mons 2010 1 6 6 -6.9 -3.6 1.8 0.1 0.0 1.9 3.8 -999.9
ACBB_Mons 2010 1 7 7 -7.9 -2.3 6.3 0.0 0.0 1.1 3.4 -999.9
ACBB_Mons 2010 1 8 8 -8.7 -2.5 1.7 0.3 0.0 4.7 3.6 -999.9
ACBB_Mons 2010 1 9 9 -3.9 -1.0 1.1 0.4 0.0 4.9 4.3 -999.9
ACBB_Mons 2010 1 10 10 -1.5 -0.6 1.5 0.3 0.0 1.8 4.9 -999.9
ACBB_Mons 2010 1 11 11 -1.6 -0.2 1.5 0.2 0.0 1.0 5.0 -999.9
ACBB_Mons 2010 1 12 12 -1.7 -0.2 1.6 0.3 0.5 2.6 5.1 -999.9
ACBB_Mons 2010 1 13 13 -2.2 1.9 1.9 0.1 0.5 2.4 5.9 -999.9
ACBB_Mons 2010 1 14 14 1.0 4.3 3.1 0.1 0.0 3.1 6.7 -999.9
ACBB_Mons 2010 1 15 15 -0.5 2.0 1.5 0.0 0.0 1.6 6.4 -999.9
ACBB_Mons 2010 1 16 16 0.8 7.4 1.0 0.5 12.0 4.3 7.0 -999.9
ACBB_Mons 2010 1 17 17 2.4 9.1 5.0 0.0 0.0 3.2 8.3 -999.9
ACBB_Mons 2010 1 18 18 1.0 3.9 1.8 0.1 0.0 1.9 7.3 -999.9
ACBB_Mons 2010 1 19 19 0.7 2.8 2.0 0.1 0.0 2.1 6.8 -999.9
ACBB_Mons 2010 1 20 20 -0.2 1.0 1.0 0.0 2.5 3.7 6.2 -999.9
ACBB_Mons 2010 1 21 21 0.2 3.5 1.8 0.1 0.0 1.2 6.9 -999.9
ACBB_Mons 2010 1 22 22 0.1 5.5 2.2 0.2 0.0 2.7 7.2 -999.9
ACBB_Mons 2010 1 23 23 1.4 3.1 1.7 0.2 3.5 3.0 6.9 -999.9
ACBB_Mons 2010 1 24 24 1.3 4.4 1.1 0.0 0.0 1.4 7.3 -999.9
ACBB_Mons 2010 1 25 25 0.0 4.1 2.3 0.2 0.0 1.4 6.4 -999.9
ACBB_Mons 2010 1 26 26 -2.5 -0.9 3.4 0.4 0.0 3.5 4.4 -999.9
ACBB_Mons 2010 1 27 27 -6.4 3.4 4.9 0.2 1.0 2.9 4.5 -999.9
ACBB_Mons 2010 1 28 28 0.4 4.0 2.8 0.1 1.0 2.0 6.9 -999.9
ACBB_Mons 2010 1 29 29 1.3 4.4 1.3 0.4 3.5 4.4 6.8 -999.9
ACBB_Mons 2010 1 30 30 -1.2 1.9 6.3 0.1 0.0 2.5 5.2 -999.9
ACBB_Mons 2010 1 31 31 -3.8 2.9 7.4 0.0 1.5 2.2 5.2 -999.9
ACBB_Mons 2010 2 1 32 -4.1 2.7 9.4 0.0 0.5 2.0 5.2 -999.9
ACBB_Mons 2010 2 2 33 -5.8 6.6 1.3 0.0 11.0 5.3 7.2 -999.9
ACBB_Mons 2010 2 3 34 4.2 7.1 1.8 0.2 3.5 2.9 8.7 -999.9
ACBB_Mons 2010 2 4 35 5.5 9.8 5.8 0.6 3.0 3.1 8.3 -999.9
ACBB_Mons 2010 2 5 36 3.8 10.0 4.1 0.5 4.5 2.8 8.6 -999.9
ACBB_Mons 2010 2 6 37 2.1 6.8 3.2 0.3 0.0 3.0 7.8 -999.9
ACBB_Mons 2010 2 7 38 1.4 4.0 2.3 0.2 0.5 1.6 7.1 -999.9
ACBB_Mons 2010 2 8 39 0.7 3.7 1.8 0.4 0.5 2.3 6.2 -999.9
ACBB_Mons 2010 2 9 40 -3.5 -1.8 2.1 0.5 0.0 3.4 4.3 -999.9
ACBB_Mons 2010 2 10 41 -4.3 0.0 5.2 0.4 1.5 2.4 4.3 -999.9
ACBB_Mons 2010 2 11 42 -5.2 -1.3 3.5 0.6 0.0 4.0 4.0 -999.9
ACBB_Mons 2010 2 12 43 -6.2 -1.1 9.4 0.2 0.0 2.3 3.9 -999.9
ACBB_Mons 2010 2 13 44 -4.9 -2.0 3.7 0.4 0.0 2.8 4.1 -999.9
ACBB_Mons 2010 2 14 45 -5.0 1.8 6.7 0.3 0.0 1.5 4.7 -999.9
ACBB_Mons 2010 2 15 46 -1.5 0.6 4.0 0.3 0.0 1.8 5.3 -999.9
ACBB_Mons 2010 2 16 47 -2.6 3.2 10.6 0.6 0.0 3.2 4.6 -999.9
ACBB_Mons 2010 2 17 48 -2.0 2.7 3.5 0.3 0.5 2.0 5.9 -999.9
ACBB_Mons 2010 2 18 49 0.4 8.4 5.0 0.6 0.5 3.4 7.3 -999.9
ACBB_Mons 2010 2 19 50 1.7 5.3 4.6 0.7 0.0 2.9 6.4 -999.9
ACBB_Mons 2010 2 20 51 -0.6 6.0 8.6 0.5 7.0 2.6 6.2 -999.9
ACBB_Mons 2010 2 21 52 0.1 5.9 4.8 0.5 0.0 3.0 6.8 -999.9
ACBB_Mons 2010 2 22 53 2.5 11.2 3.5 0.7 14.5 5.3 9.2 -999.9
ACBB_Mons 2010 2 23 54 4.6 9.0 2.6 0.3 6.0 2.0 9.7 -999.9
ACBB_Mons 2010 2 24 55 4.2 11.5 6.6 0.8 4.5 5.1 9.5 -999.9
ACBB_Mons 2010 2 25 56 7.6 10.4 4.3 0.9 4.5 5.4 10.3 -999.9
ACBB_Mons 2010 2 26 57 6.2 8.5 6.6 1.6 2.0 6.2 8.0 -999.9
ACBB_Mons 2010 2 27 58 4.0 13.2 8.9 1.6 11.0 4.2 7.8 -999.9
ACBB_Mons 2010 2 28 59 4.8 11.7 2.1 1.4 7.0 7.7 9.0 -999.9
ACBB_Mons 2010 3 1 60 2.4 8.8 10.3 0.9 0.0 2.4 7.1 -999.9
ACBB_Mons 2010 3 2 61 1.3 9.5 13.6 1.1 0.0 2.0 6.1 -999.9
ACBB_Mons 2010 3 3 62 0.5 7.7 12.2 1.5 0.0 4.1 5.4 -999.9
ACBB_Mons 2010 3 4 63 0.4 6.1 14.0 1.5 0.0 4.0 5.2 -999.9
ACBB_Mons 2010 3 5 64 -1.6 5.4 10.2 0.9 0.0 2.0 5.2 -999.9
ACBB_Mons 2010 3 6 65 1.1 4.3 10.1 1.5 0.0 4.3 5.1 -999.9
ACBB_Mons 2010 3 7 66 -3.2 2.5 15.0 1.5 0.0 4.7 3.8 -999.9
ACBB_Mons 2010 3 8 67 -4.2 3.2 11.2 1.2 0.0 3.9 4.3 -999.9
ACBB_Mons 2010 3 9 68 -3.1 3.7 16.3 1.7 0.0 4.9 4.0 -999.9
ACBB_Mons 2010 3 10 69 -2.7 7.5 15.4 2.3 0.0 5.7 4.2 -999.9
ACBB_Mons 2010 3 11 70 -1.5 4.5 15.1 1.4 0.0 3.9 5.0 -999.9
ACBB_Mons 2010 3 12 71 0.2 6.8 8.1 0.9 0.0 1.1 6.1 -999.9
ACBB_Mons 2010 3 13 72 2.8 6.7 4.9 0.9 0.0 2.1 6.9 -999.9
ACBB_Mons 2010 3 14 73 3.1 10.4 6.4 1.3 0.0 2.7 7.3 -999.9
ACBB_Mons 2010 3 15 74 0.1 12.0 14.4 1.3 0.0 2.4 7.6 -999.9
ACBB_Mons 2010 3 16 75 1.7 12.7 14.4 1.6 0.0 1.6 6.7 -999.9
ACBB_Mons 2010 3 17 76 0.9 15.1 12.5 1.9 0.0 2.1 6.2 -999.9
ACBB_Mons 2010 3 18 77 4.0 18.6 11.1 2.9 0.0 3.5 6.7 -999.9
ACBB_Mons 2010 3 19 78 11.5 18.7 7.7 2.9 2.5 4.6 11.1 -999.9
ACBB_Mons 2010 3 20 79 12.4 16.2 6.2 1.8 5.5 6.0 13.8 -999.9
ACBB_Mons 2010 3 21 80 7.9 9.0 3.1 0.7 0.0 3.1 10.0 -999.9
ACBB_Mons 2010 3 22 81 1.5 13.5 13.2 1.4 0.0 2.1 8.8 -999.9
ACBB_Mons 2010 3 23 82 4.4 15.5 15.0 1.7 0.0 1.8 9.8 -999.9
ACBB_Mons 2010 3 24 83 7.2 18.5 12.9 2.6 0.0 3.9 10.3 -999.9
ACBB_Mons 2010 3 25 84 9.6 16.9 8.7 2.3 4.0 4.1 11.0 -999.9
ACBB_Mons 2010 3 26 85 8.3 13.0 10.9 2.3 1.0 4.4 9.5 -999.9
ACBB_Mons 2010 3 27 86 4.1 10.8 5.8 1.0 0.0 2.8 9.2 -999.9
ACBB_Mons 2010 3 28 87 7.3 11.2 7.0 1.1 10.5 4.2 11.0 -999.9
ACBB_Mons 2010 3 29 88 9.7 16.1 12.2 2.2 4.0 4.4 12.2 -999.9
ACBB_Mons 2010 3 30 89 5.0 13.3 9.3 1.8 4.0 5.1 9.7 -999.9
ACBB_Mons 2010 3 31 90 4.7 8.6 10.8 2.8 2.0 7.8 7.0 -999.9
ACBB_Mons 2010 4 1 91 1.5 10.3 18.2 2.6 0.0 4.5 6.4 -999.9
ACBB_Mons 2010 4 2 92 2.8 9.6 8.2 1.6 7.5 5.0 7.9 -999.9
ACBB_Mons 2010 4 3 93 5.1 11.1 9.0 1.8 3.0 5.7 9.1 -999.9
ACBB_Mons 2010 4 4 94 5.7 9.3 6.8 1.6 1.5 4.4 8.4 -999.9
ACBB_Mons 2010 4 5 95 0.3 12.3 15.2 1.9 0.0 2.7 7.7 -999.9
ACBB_Mons 2010 4 6 96 2.3 17.0 21.2 3.1 0.0 3.7 8.1 -999.9
ACBB_Mons 2010 4 7 97 6.0 15.5 9.0 1.7 0.5 2.0 10.2 -999.9
ACBB_Mons 2010 4 8 98 7.3 12.4 8.7 2.1 0.0 3.4 8.7 -999.9
ACBB_Mons 2010 4 9 99 2.3 16.1 19.7 2.5 0.0 1.9 8.3 -999.9
ACBB_Mons 2010 4 10 100 5.1 14.1 19.4 2.7 0.0 2.5 8.6 -999.9
ACBB_Mons 2010 4 11 101 3.0 11.6 15.9 2.7 0.0 4.4 7.2 -999.9
ACBB_Mons 2010 4 12 102 2.4 13.6 15.4 2.6 0.0 4.1 7.6 -999.9
ACBB_Mons 2010 4 13 103 6.2 16.5 20.2 3.8 0.0 4.2 8.2 -999.9
ACBB_Mons 2010 4 14 104 4.7 14.9 17.3 3.0 0.0 3.6 8.2 -999.9
ACBB_Mons 2010 4 15 105 4.3 16.1 20.5 3.4 0.0 3.3 7.6 -999.9
ACBB_Mons 2010 4 16 106 4.0 11.9 22.0 3.1 0.0 3.6 7.3 -999.9
ACBB_Mons 2010 4 17 107 2.5 16.3 22.3 3.4 0.0 2.5 6.7 -999.9
ACBB_Mons 2010 4 18 108 3.9 19.8 21.9 3.3 0.0 1.6 7.6 -999.9
ACBB_Mons 2010 4 19 109 3.0 17.0 21.0 3.1 0.0 2.0 7.9 -999.9
ACBB_Mons 2010 4 20 110 2.5 14.7 16.9 2.6 0.0 2.2 7.8 -999.9
ACBB_Mons 2010 4 21 111 1.2 14.1 21.5 3.0 0.0 2.1 6.5 -999.9
ACBB_Mons 2010 4 22 112 1.7 13.4 25.0 3.7 0.0 3.2 5.7 -999.9
ACBB_Mons 2010 4 23 113 2.7 17.2 24.8 4.0 0.0 2.9 6.3 -999.9
ACBB_Mons 2010 4 24 114 4.4 22.3 24.9 4.1 0.0 1.7 6.8 -999.9
ACBB_Mons 2010 4 25 115 6.5 20.7 20.0 3.4 0.0 2.0 10.1 -999.9
ACBB_Mons 2010 4 26 116 6.1 15.9 11.1 2.0 0.0 1.9 10.3 -999.9
ACBB_Mons 2010 4 27 117 3.8 20.0 22.3 3.1 0.0 1.0 9.8 -999.9
ACBB_Mons 2010 4 28 118 7.5 24.2 23.7 4.5 0.0 2.4 10.0 -999.9
ACBB_Mons 2010 4 29 119 10.5 26.9 20.1 4.6 1.0 2.8 12.4 -999.9
ACBB_Mons 2010 4 30 120 11.4 16.0 17.7 3.7 0.0 3.3 10.0 -999.9
ACBB_Mons 2010 5 1 121 6.4 15.9 15.0 2.6 6.5 2.1 10.1 -999.9
ACBB_Mons 2010 5 2 122 8.5 14.3 17.9 3.0 4.5 2.9 10.2 -999.9
ACBB_Mons 2010 5 3 123 5.6 8.6 5.9 1.7 0.0 5.0 8.1 -999.9
ACBB_Mons 2010 5 4 124 4.1 10.5 17.0 3.0 0.0 4.1 7.2 -999.9
ACBB_Mons 2010 5 5 125 2.4 12.3 18.1 3.0 0.0 4.0 7.3 -999.9
ACBB_Mons 2010 5 6 126 3.9 14.8 20.8 3.7 0.0 3.9 7.8 -999.9
ACBB_Mons 2010 5 7 127 4.9 10.8 10.4 2.0 0.0 2.3 8.0 -999.9
ACBB_Mons 2010 5 8 128 3.1 15.8 25.1 3.4 0.0 1.5 8.1 -999.9
ACBB_Mons 2010 5 9 129 6.0 15.7 20.8 3.2 0.0 2.3 9.6 -999.9
ACBB_Mons 2010 5 10 130 7.0 14.2 20.0 3.9 2.0 4.1 8.4 -999.9
ACBB_Mons 2010 5 11 131 5.6 7.2 3.5 1.0 2.5 3.7 8.0 -999.9
ACBB_Mons 2010 5 12 132 4.7 7.9 5.6 1.2 0.0 2.4 8.0 -999.9
ACBB_Mons 2010 5 13 133 5.2 10.0 7.7 1.5 0.0 1.9 8.7 -999.9
ACBB_Mons 2010 5 14 134 5.6 13.8 13.9 2.4 0.0 1.2 7.9 -999.9
ACBB_Mons 2010 5 15 135 4.0 15.1 19.4 3.3 0.0 2.2 7.5 -999.9
ACBB_Mons 2010 5 16 136 5.4 16.6 21.6 3.5 0.0 2.5 9.4 -999.9
ACBB_Mons 2010 5 17 137 10.0 17.6 16.3 3.7 0.5 2.8 9.6 -999.9
ACBB_Mons 2010 5 18 138 2.6 18.1 23.0 3.4 0.0 1.2 8.3 -999.9
ACBB_Mons 2010 5 19 139 3.7 18.9 29.1 4.6 0.0 2.0 6.9 -999.9
ACBB_Mons 2010 5 20 140 3.6 21.4 28.4 4.5 0.0 1.9 9.2 -999.9
ACBB_Mons 2010 5 21 141 9.7 21.7 27.1 4.7 0.0 2.3 12.6 -999.9
ACBB_Mons 2010 5 22 142 9.8 22.3 28.7 5.4 0.0 3.0 11.3 -999.9
ACBB_Mons 2010 5 23 143 9.8 25.4 28.4 5.3 0.0 2.3 13.3 -999.9
ACBB_Mons 2010 5 24 144 10.3 27.7 28.7 5.3 0.0 1.4 14.2 -999.9
ACBB_Mons 2010 5 25 145 12.4 27.7 23.9 4.9 10.0 1.7 15.6 -999.9
ACBB_Mons 2010 5 26 146 10.7 14.6 6.2 1.3 2.0 2.3 13.2 -999.9
ACBB_Mons 2010 5 27 147 9.1 17.6 14.4 2.5 0.0 1.1 12.5 -999.9
ACBB_Mons 2010 5 28 148 6.5 18.2 25.4 4.1 0.0 1.9 9.9 -999.9
ACBB_Mons 2010 5 29 149 6.6 19.2 15.8 3.2 5.5 3.7 11.7 -999.9
ACBB_Mons 2010 5 30 150 12.2 16.9 12.1 2.9 0.5 4.1 13.2 -999.9
ACBB_Mons 2010 5 31 151 7.1 14.7 6.1 1.2 0.5 2.3 11.9 -999.9
ACBB_Mons 2010 6 1 152 10.0 15.0 8.7 1.7 6.5 1.1 12.8 -999.9
ACBB_Mons 2010 6 2 153 11.2 20.7 28.6 5.1 0.0 2.2 11.9 -999.9
ACBB_Mons 2010 6 3 154 8.7 23.2 30.3 5.4 0.0 2.5 12.1 -999.9
ACBB_Mons 2010 6 4 155 10.8 26.4 30.2 5.5 0.0 1.5 13.8 -999.9
ACBB_Mons 2010 6 5 156 12.6 28.4 28.7 5.5 0.0 1.1 14.2 -999.9
ACBB_Mons 2010 6 6 157 15.1 22.2 15.4 3.5 17.5 2.0 16.3 -999.9
ACBB_Mons 2010 6 7 158 11.2 20.2 21.9 4.0 0.0 2.2 13.4 -999.9
ACBB_Mons 2010 6 8 159 13.7 22.0 19.1 4.0 2.0 2.7 16.0 -999.9
ACBB_Mons 2010 6 9 160 14.7 18.5 7.3 1.5 14.5 1.4 17.8 -999.9
ACBB_Mons 2010 6 10 161 15.0 22.2 7.3 1.8 4.0 2.2 19.5 -999.9
ACBB_Mons 2010 6 11 162 15.5 25.6 26.4 5.4 5.0 2.3 17.6 -999.9
ACBB_Mons 2010 6 12 163 12.8 19.7 18.4 3.8 1.0 2.6 13.6 -999.9
ACBB_Mons 2010 6 13 164 7.2 18.6 19.2 3.1 0.0 1.1 11.9 -999.9
ACBB_Mons 2010 6 14 165 11.4 19.1 16.2 3.0 0.0 1.8 14.2 -999.9
ACBB_Mons 2010 6 15 166 12.5 19.2 24.2 5.2 0.0 4.1 11.9 -999.9
ACBB_Mons 2010 6 16 167 8.6 21.1 30.6 5.8 0.0 4.1 11.3 -999.9
ACBB_Mons 2010 6 17 168 12.3 19.5 14.2 3.4 0.0 2.7 12.8 -999.9
ACBB_Mons 2010 6 18 169 11.4 19.5 19.6 4.0 0.0 3.0 12.9 -999.9
ACBB_Mons 2010 6 19 170 10.0 15.9 20.7 4.2 1.0 3.4 9.8 -999.9
ACBB_Mons 2010 6 20 171 8.3 14.5 11.6 2.5 0.5 3.0 10.5 -999.9
ACBB_Mons 2010 6 21 172 8.3 17.7 18.4 3.3 0.0 2.1 11.5 -999.9
ACBB_Mons 2010 6 22 173 6.9 22.1 29.1 4.6 0.0 1.4 12.4 -999.9
ACBB_Mons 2010 6 23 174 9.8 25.5 28.0 5.0 0.5 1.1 13.7 -999.9
ACBB_Mons 2010 6 24 175 11.5 26.4 29.7 5.5 0.0 1.5 14.4 -999.9
ACBB_Mons 2010 6 25 176 10.9 27.4 28.5 5.2 0.0 1.2 15.5 -999.9
ACBB_Mons 2010 6 26 177 14.2 28.3 26.7 5.6 0.0 1.7 15.5 -999.9
ACBB_Mons 2010 6 27 178 13.9 30.0 29.4 5.9 0.0 1.2 15.2 -999.9
ACBB_Mons 2010 6 28 179 15.0 30.4 24.3 5.3 0.0 1.2 17.1 -999.9
ACBB_Mons 2010 6 29 180 15.9 27.0 26.6 5.7 0.0 1.6 13.3 -999.9
ACBB_Mons 2010 6 30 181 13.4 28.3 26.9 5.3 0.0 1.2 17.4 -999.9
ACBB_Mons 2010 7 1 182 15.1 32.3 26.5 6.0 0.0 1.9 18.2 -999.9
ACBB_Mons 2010 7 2 183 18.4 34.6 25.7 6.6 1.0 2.2 20.4 -999.9
ACBB_Mons 2010 7 3 184 17.1 23.2 10.6 2.6 8.5 1.6 19.6 -999.9
ACBB_Mons 2010 7 4 185 13.0 25.7 30.5 5.9 0.0 1.9 13.9 -999.9
ACBB_Mons 2010 7 5 186 12.2 24.3 19.5 4.1 0.0 2.0 14.8 -999.9
ACBB_Mons 2010 7 6 187 9.0 24.2 24.4 4.4 0.0 1.1 12.5 -999.9
ACBB_Mons 2010 7 7 188 11.0 28.0 29.2 5.5 0.0 1.4 14.0 -999.9
ACBB_Mons 2010 7 8 189 13.2 31.9 29.4 6.0 0.0 1.3 15.4 -999.9
ACBB_Mons 2010 7 9 190 17.1 31.4 19.0 4.7 0.0 1.6 19.6 -999.9
ACBB_Mons 2010 7 10 191 16.0 29.9 16.4 4.0 0.0 1.2 19.0 -999.9
ACBB_Mons 2010 7 11 192 17.5 32.0 29.2 6.9 3.5 2.5 18.9 -999.9
ACBB_Mons 2010 7 12 193 18.3 24.5 14.8 3.7 14.5 2.2 19.1 -999.9
ACBB_Mons 2010 7 13 194 15.7 27.5 23.8 5.3 0.0 2.5 17.4 -999.9
ACBB_Mons 2010 7 14 195 13.9 25.6 13.7 3.4 21.5 2.7 17.7 -999.9
ACBB_Mons 2010 7 15 196 14.4 24.2 23.1 5.8 0.0 4.1 13.1 -999.9
ACBB_Mons 2010 7 16 197 13.7 23.3 12.5 3.3 0.5 3.0 15.6 -999.9
ACBB_Mons 2010 7 17 198 11.7 21.8 19.3 4.0 0.0 2.1 12.4 -999.9
ACBB_Mons 2010 7 18 199 7.2 25.1 29.4 4.9 0.0 1.1 10.7 -999.9
ACBB_Mons 2010 7 19 200 11.4 28.8 28.4 5.5 0.0 1.4 12.6 -999.9
ACBB_Mons 2010 7 20 201 15.2 30.7 24.5 5.8 0.0 2.2 15.4 -999.9
ACBB_Mons 2010 7 21 202 14.2 24.3 15.0 3.6 0.0 2.3 16.1 -999.9
ACBB_Mons 2010 7 22 203 14.1 25.5 21.8 4.9 4.0 2.3 14.2 -999.9
ACBB_Mons 2010 7 23 204 14.0 21.5 15.4 3.5 0.0 2.4 14.9 -999.9
ACBB_Mons 2010 7 24 205 10.3 22.8 17.4 3.3 0.0 1.1 13.3 -999.9
ACBB_Mons 2010 7 25 206 14.2 21.8 15.1 3.3 0.0 2.1 15.3 -999.9
ACBB_Mons 2010 7 26 207 15.2 21.4 12.1 2.8 5.0 2.1 16.5 -999.9
ACBB_Mons 2010 7 27 208 14.7 23.6 11.3 2.5 2.0 1.5 18.7 -999.9
ACBB_Mons 2010 7 28 209 17.0 24.2 22.9 5.2 0.0 3.0 16.2 -999.9
ACBB_Mons 2010 7 29 210 14.1 20.9 12.6 3.2 0.0 2.6 14.3 -999.9
ACBB_Mons 2010 7 30 211 12.3 25.3 22.1 4.4 0.0 1.6 14.1 -999.9
ACBB_Mons 2010 7 31 212 16.1 27.8 16.5 4.5 0.5 2.7 16.1 -999.9
ACBB_Mons 2010 8 1 213 13.3 22.9 15.5 3.4 0.0 2.0 14.8 -999.9
ACBB_Mons 2010 8 2 214 13.3 22.4 17.7 3.5 1.0 1.8 15.4 -999.9
ACBB_Mons 2010 8 3 215 10.0 24.5 18.2 3.5 0.0 1.5 13.8 -999.9
ACBB_Mons 2010 8 4 216 12.6 20.8 10.6 2.6 4.5 2.8 15.1 -999.9
ACBB_Mons 2010 8 5 217 12.4 21.4 24.1 4.6 0.0 2.5 12.6 -999.9
ACBB_Mons 2010 8 6 218 8.5 24.0 22.8 4.0 0.5 1.7 12.6 -999.9
ACBB_Mons 2010 8 7 219 14.9 25.7 14.1 3.7 1.5 2.5 15.8 -999.9
ACBB_Mons 2010 8 8 220 12.8 22.4 12.8 2.8 0.0 2.1 15.6 -999.9
ACBB_Mons 2010 8 9 221 9.1 25.0 17.7 3.3 0.0 1.4 13.8 -999.9
ACBB_Mons 2010 8 10 222 11.2 25.4 13.7 3.2 11.5 2.9 15.9 -999.9
ACBB_Mons 2010 8 11 223 16.5 23.8 16.4 4.0 1.0 2.9 16.3 -999.9
ACBB_Mons 2010 8 12 224 10.5 22.7 19.8 3.7 0.0 2.0 13.0 -999.9
ACBB_Mons 2010 8 13 225 11.1 21.0 16.8 3.1 1.0 1.7 13.3 -999.9
ACBB_Mons 2010 8 14 226 7.9 22.5 17.3 3.0 0.5 1.4 13.1 -999.9
ACBB_Mons 2010 8 15 227 14.4 16.8 3.2 0.9 38.5 3.6 16.0 -999.9
ACBB_Mons 2010 8 16 228 13.2 15.7 3.3 0.7 13.5 3.4 15.6 -999.9
ACBB_Mons 2010 8 17 229 12.2 17.1 5.7 1.1 10.0 3.0 16.0 -999.9
ACBB_Mons 2010 8 18 230 14.7 21.1 18.1 4.0 0.0 3.4 14.2 -999.9
ACBB_Mons 2010 8 19 231 10.7 22.4 19.9 3.7 0.5 2.6 13.4 -999.9
ACBB_Mons 2010 8 20 232 12.9 28.9 22.6 4.8 0.0 3.0 16.7 -999.9
ACBB_Mons 2010 8 21 233 14.0 29.3 22.8 4.6 0.0 2.2 19.0 -999.9
ACBB_Mons 2010 8 22 234 16.6 27.3 13.2 2.8 5.0 1.1 21.0 -999.9
ACBB_Mons 2010 8 23 235 18.9 23.6 14.2 4.3 1.0 5.2 18.2 -999.9
ACBB_Mons 2010 8 24 236 11.4 22.3 20.0 4.5 0.0 4.4 12.2 -999.9
ACBB_Mons 2010 8 25 237 11.0 21.3 15.6 3.2 0.0 3.2 13.5 -999.9
ACBB_Mons 2010 8 26 238 19.2 23.7 6.1 2.3 14.5 4.1 20.9 -999.9
ACBB_Mons 2010 8 27 239 15.5 21.1 8.1 2.2 4.5 3.4 17.7 -999.9
ACBB_Mons 2010 8 28 240 9.8 19.6 20.8 3.3 0.0 2.4 12.3 -999.9
ACBB_Mons 2010 8 29 241 10.3 16.7 7.9 2.0 2.0 4.0 12.9 -999.9
ACBB_Mons 2010 8 30 242 9.6 18.8 18.2 3.5 0.0 4.1 11.7 -999.9
ACBB_Mons 2010 8 31 243 7.5 20.0 18.1 2.7 0.5 1.6 11.8 -999.9
ACBB_Mons 2010 9 1 244 8.1 20.5 19.3 3.1 0.0 2.5 12.2 -999.9
ACBB_Mons 2010 9 2 245 9.8 21.1 18.8 3.4 0.0 3.1 12.6 -999.9
ACBB_Mons 2010 9 3 246 10.0 21.3 20.7 3.3 0.0 2.4 12.9 -999.9
ACBB_Mons 2010 9 4 247 10.0 21.5 17.9 3.1 0.0 2.3 12.7 -999.9
ACBB_Mons 2010 9 5 248 10.5 22.4 19.1 3.6 0.0 2.5 11.3 -999.9
ACBB_Mons 2010 9 6 249 10.6 19.3 8.5 2.5 4.0 4.3 12.7 -999.9
ACBB_Mons 2010 9 7 250 13.2 21.0 16.5 2.7 6.5 2.0 15.8 -999.9
ACBB_Mons 2010 9 8 251 14.4 18.1 7.1 1.5 17.5 2.3 16.6 -999.9
ACBB_Mons 2010 9 9 252 11.1 19.2 9.9 1.7 7.5 1.9 15.1 -999.9
ACBB_Mons 2010 9 10 253 10.3 20.6 12.0 2.0 0.0 2.1 15.0 -999.9
ACBB_Mons 2010 9 11 254 11.4 23.9 18.2 3.0 0.0 2.2 16.0 -999.9
ACBB_Mons 2010 9 12 255 14.4 20.3 10.5 2.2 2.5 1.8 15.0 -999.9
ACBB_Mons 2010 9 13 256 9.1 20.2 14.6 2.2 0.0 1.8 13.5 -999.9
ACBB_Mons 2010 9 14 257 14.4 21.7 11.5 3.1 2.0 5.0 15.5 -999.9
ACBB_Mons 2010 9 15 258 11.7 18.3 15.0 3.1 0.5 4.6 12.4 -999.9
ACBB_Mons 2010 9 16 259 11.2 18.2 8.4 2.1 3.0 3.2 12.7 -999.9
ACBB_Mons 2010 9 17 260 6.1 16.7 14.2 1.9 0.5 1.7 10.4 -999.9
ACBB_Mons 2010 9 18 261 4.3 17.0 15.9 1.9 0.0 1.2 9.5 -999.9
ACBB_Mons 2010 9 19 262 4.7 18.9 14.3 2.0 0.0 1.8 10.2 -999.9
ACBB_Mons 2010 9 20 263 6.6 21.2 16.6 2.4 0.0 1.9 10.8 -999.9
ACBB_Mons 2010 9 21 264 7.8 22.5 17.1 2.3 0.0 1.2 12.2 -999.9
ACBB_Mons 2010 9 22 265 9.2 24.4 17.1 2.6 0.0 1.9 13.2 -999.9
ACBB_Mons 2010 9 23 266 11.9 22.6 8.1 1.9 2.5 2.4 15.4 -999.9
ACBB_Mons 2010 9 24 267 12.4 18.0 9.2 1.7 0.5 2.5 14.2 -999.9
ACBB_Mons 2010 9 25 268 9.6 14.2 10.8 2.3 0.5 4.7 10.3 -999.9
ACBB_Mons 2010 9 26 269 9.1 13.8 6.1 1.4 7.0 2.8 10.9 -999.9
ACBB_Mons 2010 9 27 270 5.8 13.0 6.8 0.8 0.0 1.1 10.9 -999.9
ACBB_Mons 2010 9 28 271 10.4 15.3 2.4 0.3 2.5 1.6 14.5 -999.9
ACBB_Mons 2010 9 29 272 12.8 17.7 6.9 1.2 2.5 1.4 15.2 -999.9
ACBB_Mons 2010 9 30 273 12.5 17.1 9.5 1.6 0.5 1.7 12.8 -999.9
ACBB_Mons 2010 10 1 274 7.8 16.8 10.0 1.3 12.5 4.8 13.3 -999.9
ACBB_Mons 2010 10 2 275 13.0 18.6 3.5 0.7 1.0 4.2 17.4 -999.9
ACBB_Mons 2010 10 3 276 13.2 22.6 10.6 2.1 1.5 3.6 16.6 -999.9
ACBB_Mons 2010 10 4 277 15.2 21.1 7.1 1.8 0.5 2.5 16.1 -999.9
ACBB_Mons 2010 10 5 278 12.0 16.8 5.2 0.7 2.0 3.8 16.3 -999.9
ACBB_Mons 2010 10 6 279 14.6 16.7 3.1 0.9 0.5 2.8 15.9 -999.9
ACBB_Mons 2010 10 7 280 13.2 21.9 8.7 1.6 0.0 2.4 16.4 -999.9
ACBB_Mons 2010 10 8 281 12.6 20.2 7.7 1.5 0.0 3.5 15.8 -999.9
ACBB_Mons 2010 10 9 282 12.4 21.2 11.7 1.8 0.0 3.3 15.5 -999.9
ACBB_Mons 2010 10 10 283 10.5 20.5 13.7 2.6 0.0 3.7 10.5 -999.9
ACBB_Mons 2010 10 11 284 7.0 17.9 13.4 2.3 0.0 4.5 9.2 -999.9
ACBB_Mons 2010 10 12 285 5.2 15.2 12.9 1.6 0.0 3.4 8.8 -999.9
ACBB_Mons 2010 10 13 286 5.1 13.2 12.3 1.4 0.5 3.7 8.7 -999.9
ACBB_Mons 2010 10 14 287 3.7 14.4 10.5 0.9 0.0 2.0 9.6 -999.9
ACBB_Mons 2010 10 15 288 9.6 13.8 5.8 0.8 2.5 1.3 11.7 -999.9
ACBB_Mons 2010 10 16 289 7.3 13.6 10.7 1.4 0.0 3.5 9.3 -999.9
ACBB_Mons 2010 10 17 290 2.8 8.5 5.6 0.8 0.0 2.7 7.5 -999.9
ACBB_Mons 2010 10 18 291 -1.0 12.9 10.4 0.6 1.0 2.5 8.1 -999.9
ACBB_Mons 2010 10 19 292 8.3 13.2 8.8 1.2 2.5 3.3 10.1 -999.9
ACBB_Mons 2010 10 20 293 4.8 9.9 8.8 1.0 0.0 2.5 7.4 -999.9
ACBB_Mons 2010 10 21 294 -2.7 10.7 11.6 0.7 0.0 1.7 5.8 -999.9
ACBB_Mons 2010 10 22 295 0.2 11.9 6.8 1.0 0.0 2.2 6.5 -999.9
ACBB_Mons 2010 10 23 296 0.3 9.4 2.3 0.4 2.0 4.2 8.1 -999.9
ACBB_Mons 2010 10 24 297 2.3 11.4 9.3 0.5 1.5 1.8 8.4 -999.9
ACBB_Mons 2010 10 25 298 1.0 10.8 9.6 0.5 0.0 1.9 7.5 -999.9
ACBB_Mons 2010 10 26 299 -2.0 10.4 6.9 0.5 0.5 2.4 7.1 -999.9
ACBB_Mons 2010 10 27 300 6.6 14.1 5.2 1.4 0.5 3.6 8.7 -999.9
ACBB_Mons 2010 10 28 301 7.2 14.4 7.0 0.9 0.0 3.5 10.7 -999.9
ACBB_Mons 2010 10 29 302 7.1 15.2 5.8 1.4 1.0 4.4 9.9 -999.9
ACBB_Mons 2010 10 30 303 9.9 14.6 5.8 1.0 3.0 3.6 11.7 -999.9
ACBB_Mons 2010 10 31 304 8.0 15.1 5.7 0.6 0.0 2.7 12.0 -999.9
ACBB_Mons 2010 11 1 305 6.9 13.3 4.8 0.4 0.0 1.7 11.3 -999.9
ACBB_Mons 2010 11 2 306 4.7 12.4 2.9 0.1 0.5 3.3 11.5 -999.9
ACBB_Mons 2010 11 3 307 10.5 15.3 3.5 0.6 0.0 5.2 14.0 -999.9
ACBB_Mons 2010 11 4 308 13.4 16.9 2.9 1.4 0.0 5.2 14.0 -999.9
ACBB_Mons 2010 11 5 309 11.0 16.1 2.8 1.3 0.0 4.9 12.7 -999.9
ACBB_Mons 2010 11 6 310 9.2 12.6 2.2 0.5 2.5 2.7 11.8 -999.9
ACBB_Mons 2010 11 7 311 5.0 9.2 3.9 0.3 0.0 1.0 8.8 -999.9
ACBB_Mons 2010 11 8 312 2.1 6.9 1.9 0.3 8.5 5.4 8.0 -999.9
ACBB_Mons 2010 11 9 313 4.5 9.3 1.7 0.0 12.5 2.9 10.4 -999.9
ACBB_Mons 2010 11 10 314 5.1 8.7 4.3 0.6 2.0 3.4 8.3 -999.9
ACBB_Mons 2010 11 11 315 1.1 14.0 0.9 0.9 9.0 7.2 9.1 -999.9
ACBB_Mons 2010 11 12 316 9.0 14.3 1.8 1.1 2.5 7.1 12.0 -999.9
ACBB_Mons 2010 11 13 317 11.6 14.0 0.9 0.1 43.5 6.5 14.5 -999.9
ACBB_Mons 2010 11 14 318 11.2 13.3 1.4 0.9 2.0 4.8 12.3 -999.9
ACBB_Mons 2010 11 15 319 4.3 12.6 5.4 0.1 0.0 0.6 8.8 -999.9
ACBB_Mons 2010 11 16 320 -0.2 5.4 3.1 0.0 0.0 1.1 7.6 -999.9
ACBB_Mons 2010 11 17 321 0.7 5.1 2.1 0.2 0.0 2.9 7.3 -999.9
ACBB_Mons 2010 11 18 322 4.0 7.0 1.2 0.1 0.5 2.5 8.6 -999.9
ACBB_Mons 2010 11 19 323 6.1 7.2 1.7 0.2 0.0 2.7 9.5 -999.9
ACBB_Mons 2010 11 20 324 5.8 10.0 5.3 0.2 0.0 2.9 8.7 -999.9
ACBB_Mons 2010 11 21 325 2.1 4.3 1.4 0.1 0.0 2.6 7.5 -999.9
ACBB_Mons 2010 11 22 326 3.7 4.4 1.0 0.3 0.0 2.4 7.0 -999.9
ACBB_Mons 2010 11 23 327 -0.1 6.8 3.0 0.1 0.0 1.6 7.2 -999.9
ACBB_Mons 2010 11 24 328 0.8 7.0 4.8 0.0 0.0 1.3 6.8 -999.9
ACBB_Mons 2010 11 25 329 -1.2 3.9 2.6 0.2 0.0 1.5 5.9 -999.9
ACBB_Mons 2010 11 26 330 0.1 4.0 3.9 0.1 0.0 2.0 6.0 -999.9
ACBB_Mons 2010 11 27 331 -1.2 1.1 2.1 0.2 0.0 1.8 5.3 -999.9
ACBB_Mons 2010 11 28 332 -2.5 0.3 2.2 0.2 0.0 2.3 5.0 -999.9
ACBB_Mons 2010 11 29 333 -2.7 -1.7 1.2 0.2 0.0 1.7 4.5 -999.9
ACBB_Mons 2010 11 30 334 -2.5 -0.3 1.1 0.4 0.0 2.6 4.5 -999.9
ACBB_Mons 2010 12 1 335 -4.9 -2.9 2.1 0.4 0.0 4.1 3.7 -999.9
ACBB_Mons 2010 12 2 336 -4.9 -2.0 1.6 0.1 0.0 2.4 4.5 -999.9
ACBB_Mons 2010 12 3 337 -7.8 -3.6 2.4 0.0 0.0 1.8 3.8 -999.9
ACBB_Mons 2010 12 4 338 -8.8 2.4 1.4 0.0 5.0 6.0 5.2 -999.9
ACBB_Mons 2010 12 5 339 0.2 2.1 0.8 0.1 11.0 3.3 6.3 -999.9
ACBB_Mons 2010 12 6 340 -2.0 0.3 2.5 0.0 0.0 2.6 5.6 -999.9
ACBB_Mons 2010 12 7 341 -2.0 -0.7 1.7 0.1 0.5 3.3 5.3 -999.9
ACBB_Mons 2010 12 8 342 -1.5 1.4 0.9 0.2 0.0 2.9 5.6 -999.9
ACBB_Mons 2010 12 9 343 -2.7 3.4 5.8 0.0 0.0 1.9 5.5 -999.9
ACBB_Mons 2010 12 10 344 -1.7 5.6 1.4 0.1 0.0 1.8 6.8 -999.9
ACBB_Mons 2010 12 11 345 2.8 5.7 1.0 0.0 0.0 2.3 8.3 -999.9
ACBB_Mons 2010 12 12 346 2.6 6.5 2.9 0.2 0.0 2.6 7.2 -999.9
ACBB_Mons 2010 12 13 347 -3.3 1.8 4.9 0.0 0.0 2.0 4.4 -999.9
ACBB_Mons 2010 12 14 348 -3.4 -0.4 3.9 0.0 0.0 2.3 4.5 -999.9
ACBB_Mons 2010 12 15 349 -5.7 2.6 1.7 0.0 0.0 1.9 5.5 -999.9
ACBB_Mons 2010 12 16 350 0.3 4.2 0.8 0.2 9.0 4.0 6.7 -999.9
ACBB_Mons 2010 12 17 351 -3.7 -0.9 4.5 0.0 0.5 2.5 4.7 -999.9
ACBB_Mons 2010 12 18 352 -12.5 0.1 1.6 0.0 1.0 2.8 4.4 -999.9
ACBB_Mons 2010 12 19 353 -4.1 2.1 1.3 0.2 17.0 3.5 5.4 -999.9
ACBB_Mons 2010 12 20 354 -8.9 1.4 2.9 0.0 1.0 2.4 4.9 -999.9
ACBB_Mons 2010 12 21 355 -2.9 1.7 2.2 0.0 0.0 2.0 6.5 -999.9
ACBB_Mons 2010 12 22 356 -1.1 0.7 2.1 0.0 2.5 2.2 6.1 -999.9
ACBB_Mons 2010 12 23 357 -1.8 -0.5 1.6 0.0 1.5 3.6 5.5 -999.9
ACBB_Mons 2010 12 24 358 -1.6 -0.5 2.0 0.4 0.0 4.2 4.7 -999.9
ACBB_Mons 2010 12 25 359 -6.0 -1.6 5.4 0.0 0.0 1.4 3.9 -999.9
ACBB_Mons 2010 12 26 360 -6.1 -0.3 2.3 0.0 0.0 1.6 5.1 -999.9
ACBB_Mons 2010 12 27 361 -2.5 -1.3 3.1 0.0 0.0 4.6 4.7 -999.9
ACBB_Mons 2010 12 28 362 -4.6 0.8 2.1 0.0 0.5 3.9 5.4 -999.9
ACBB_Mons 2010 12 29 363 0.4 1.8 2.3 0.0 0.0 2.4 6.6 -999.9
ACBB_Mons 2010 12 30 364 -1.2 0.7 2.2 0.0 0.0 2.4 6.2 -999.9
ACBB_Mons 2010 12 31 365 -2.1 -0.4 2.5 0.0 0.0 2.0 5.6 -999.9
