ACBB_Mons 2011 1 1 1 -2.1 2.4 1.3 0.0 0.0 1.2 6.3 -999.9
ACBB_Mons 2011 1 2 2 0.6 3.8 4.3 0.0 0.0 1.6 6.4 -999.9
ACBB_Mons 2011 1 3 3 -1.2 2.4 3.0 0.0 0.0 0.7 5.8 -999.9
ACBB_Mons 2011 1 4 4 -3.5 0.0 3.5 0.0 0.0 2.9 5.2 -999.9
ACBB_Mons 2011 1 5 5 -3.4 4.7 4.4 0.0 7.0 4.3 5.6 -999.9
ACBB_Mons 2011 1 6 6 1.4 11.4 0.8 0.0 10.5 4.4 10.3 -999.9
ACBB_Mons 2011 1 7 7 5.9 11.2 1.2 0.0 4.5 4.0 11.7 -999.9
ACBB_Mons 2011 1 8 8 8.9 11.9 1.7 0.9 9.0 5.9 10.7 -999.9
ACBB_Mons 2011 1 9 9 2.8 7.4 3.7 0.0 0.0 1.7 7.5 -999.9
ACBB_Mons 2011 1 10 10 -0.5 3.6 3.3 0.0 1.5 3.2 6.5 -999.9
ACBB_Mons 2011 1 11 11 0.3 8.8 1.7 0.2 3.5 4.6 8.1 -999.9
ACBB_Mons 2011 1 12 12 4.3 12.0 0.6 0.3 7.5 4.6 10.2 -999.9
ACBB_Mons 2011 1 13 13 9.9 13.4 1.3 0.1 0.5 6.3 13.5 -999.9
ACBB_Mons 2011 1 14 14 9.4 13.1 2.3 1.2 3.0 5.9 10.8 -999.9
ACBB_Mons 2011 1 15 15 7.2 11.0 3.7 0.5 0.0 4.9 9.7 -999.9
ACBB_Mons 2011 1 16 16 6.0 12.2 4.7 0.3 0.0 3.7 9.6 -999.9
ACBB_Mons 2011 1 17 17 4.0 8.8 1.4 0.0 0.5 3.2 9.8 -999.9
ACBB_Mons 2011 1 18 18 5.5 8.6 1.8 0.5 0.5 3.3 8.8 -999.9
ACBB_Mons 2011 1 19 19 0.5 3.9 2.2 0.1 0.5 1.7 7.0 -999.9
ACBB_Mons 2011 1 20 20 1.5 5.3 5.6 0.0 0.0 2.5 6.3 -999.9
ACBB_Mons 2011 1 21 21 -0.8 1.8 3.0 0.1 0.0 2.3 5.7 -999.9
ACBB_Mons 2011 1 22 22 0.1 5.8 1.6 0.1 0.0 2.2 7.3 -999.9
ACBB_Mons 2011 1 23 23 2.1 6.0 1.6 0.2 0.5 2.4 7.7 -999.9
ACBB_Mons 2011 1 24 24 4.0 7.0 2.8 0.4 0.0 2.4 7.8 -999.9
ACBB_Mons 2011 1 25 25 0.1 6.3 1.3 0.0 3.0 2.8 7.9 -999.9
ACBB_Mons 2011 1 26 26 3.9 7.1 1.9 0.5 2.5 2.5 7.9 -999.9
ACBB_Mons 2011 1 27 27 0.4 3.2 5.1 0.5 0.0 4.3 5.5 -999.9
ACBB_Mons 2011 1 28 28 -2.5 1.0 4.2 0.4 0.0 3.6 4.8 -999.9
ACBB_Mons 2011 1 29 29 -2.0 0.0 2.4 0.4 0.0 2.3 4.7 -999.9
ACBB_Mons 2011 1 30 30 -3.5 -0.9 8.6 0.0 0.0 3.5 4.4 -999.9
ACBB_Mons 2011 1 31 31 -4.3 -2.6 1.8 0.2 0.0 2.0 4.3 -999.9
ACBB_Mons 2011 2 1 32 -4.9 0.2 1.8 0.2 0.5 2.8 4.9 -999.9
ACBB_Mons 2011 2 2 33 -0.8 3.3 3.2 0.1 0.5 3.4 6.7 -999.9
ACBB_Mons 2011 2 3 34 1.1 8.8 4.3 0.1 0.0 2.9 8.3 -999.9
ACBB_Mons 2011 2 4 35 3.9 9.7 1.9 0.6 0.0 6.6 9.1 -999.9
ACBB_Mons 2011 2 5 36 8.8 10.8 1.3 1.2 0.0 6.2 9.8 -999.9
ACBB_Mons 2011 2 6 37 7.9 9.4 3.0 1.2 0.0 4.8 8.8 -999.9
ACBB_Mons 2011 2 7 38 2.7 12.4 8.4 0.5 0.0 3.9 8.4 -999.9
ACBB_Mons 2011 2 8 39 2.1 9.3 9.1 0.0 0.0 1.5 8.6 -999.9
ACBB_Mons 2011 2 9 40 1.9 5.9 1.8 0.0 0.0 3.6 8.7 -999.9
ACBB_Mons 2011 2 10 41 2.8 11.5 2.4 0.3 4.0 3.7 9.9 -999.9
ACBB_Mons 2011 2 11 42 9.8 15.1 5.3 1.0 1.0 3.3 11.4 -999.9
ACBB_Mons 2011 2 12 43 8.0 10.8 3.8 0.9 0.5 2.7 9.4 -999.9
ACBB_Mons 2011 2 13 44 0.9 8.3 3.7 0.4 2.0 3.7 8.1 -999.9
ACBB_Mons 2011 2 14 45 5.2 8.5 4.2 0.5 0.0 2.0 8.5 -999.9
ACBB_Mons 2011 2 15 46 2.4 6.8 3.2 0.4 0.0 4.4 8.0 -999.9
ACBB_Mons 2011 2 16 47 0.9 8.5 4.2 0.4 0.0 2.5 7.9 -999.9
ACBB_Mons 2011 2 17 48 2.2 10.6 9.8 0.6 0.5 2.0 7.5 -999.9
ACBB_Mons 2011 2 18 49 -0.6 3.7 2.5 0.1 0.0 1.4 7.0 -999.9
ACBB_Mons 2011 2 19 50 2.6 5.8 3.0 0.5 1.5 4.2 7.7 -999.9
ACBB_Mons 2011 2 20 51 3.9 5.6 1.5 0.1 0.0 2.1 8.4 -999.9
ACBB_Mons 2011 2 21 52 2.2 4.5 2.8 0.4 0.0 3.0 7.4 -999.9
ACBB_Mons 2011 2 22 53 0.4 5.8 10.5 0.5 0.0 1.2 5.9 -999.9
ACBB_Mons 2011 2 23 54 -1.7 6.0 2.6 0.7 5.5 3.9 6.1 -999.9
ACBB_Mons 2011 2 24 55 1.5 10.6 3.3 0.0 0.5 1.9 10.6 -999.9
ACBB_Mons 2011 2 25 56 5.5 9.8 4.2 0.3 0.0 2.4 10.7 -999.9
ACBB_Mons 2011 2 26 57 7.5 10.1 2.3 0.6 8.0 3.8 10.2 -999.9
ACBB_Mons 2011 2 27 58 4.4 7.8 4.9 0.8 0.0 2.2 7.8 -999.9
ACBB_Mons 2011 2 28 59 1.6 4.8 3.3 0.5 0.0 1.6 7.0 -999.9
ACBB_Mons 2011 3 1 60 2.1 8.1 11.1 1.2 0.0 4.5 7.0 -999.9
ACBB_Mons 2011 3 2 61 1.0 9.0 12.5 1.6 0.0 4.5 6.0 -999.9
ACBB_Mons 2011 3 3 62 -1.0 6.3 12.7 1.3 0.0 4.0 5.2 -999.9
ACBB_Mons 2011 3 4 63 -1.1 8.5 13.0 1.0 0.0 2.4 5.9 -999.9
ACBB_Mons 2011 3 5 64 -1.3 4.2 8.7 0.7 0.0 3.0 6.0 -999.9
ACBB_Mons 2011 3 6 65 -0.2 7.1 14.8 1.5 0.0 4.0 5.5 -999.9
ACBB_Mons 2011 3 7 66 -1.1 9.7 15.2 2.0 0.0 3.4 4.0 -999.9
ACBB_Mons 2011 3 8 67 -1.3 14.1 14.3 1.8 0.0 3.1 6.0 -999.9
ACBB_Mons 2011 3 9 68 4.2 10.5 7.1 1.3 0.0 3.9 8.2 -999.9
ACBB_Mons 2011 3 10 69 2.2 10.1 5.6 1.0 0.0 5.7 8.4 -999.9
ACBB_Mons 2011 3 11 70 6.9 11.9 6.3 1.4 0.0 3.0 8.9 -999.9
ACBB_Mons 2011 3 12 71 3.5 15.0 10.7 1.9 0.5 4.2 8.7 -999.9
ACBB_Mons 2011 3 13 72 7.7 11.7 4.2 0.8 0.0 3.0 11.1 -999.9
ACBB_Mons 2011 3 14 73 6.1 12.3 4.8 0.7 0.0 2.0 11.2 -999.9
ACBB_Mons 2011 3 15 74 6.2 19.4 16.1 2.3 0.0 3.1 10.4 -999.9
ACBB_Mons 2011 3 16 75 7.3 15.7 14.4 2.1 0.0 3.7 10.3 -999.9
ACBB_Mons 2011 3 17 76 4.8 6.5 1.9 0.1 0.0 3.5 9.1 -999.9
ACBB_Mons 2011 3 18 77 3.8 10.9 6.6 0.9 2.5 2.4 9.5 -999.9
ACBB_Mons 2011 3 19 78 4.8 8.0 4.6 1.0 0.0 2.8 8.1 -999.9
ACBB_Mons 2011 3 20 79 -1.1 11.7 14.2 1.3 0.0 0.8 6.4 -999.9
ACBB_Mons 2011 3 21 80 -0.1 14.5 18.0 1.9 0.0 1.4 5.7 -999.9
ACBB_Mons 2011 3 22 81 2.1 16.4 15.8 2.5 0.0 2.8 6.6 -999.9
ACBB_Mons 2011 3 23 82 4.6 17.5 17.0 2.5 0.0 2.9 8.4 -999.9
ACBB_Mons 2011 3 24 83 5.7 19.7 17.6 2.7 0.0 2.6 8.9 -999.9
ACBB_Mons 2011 3 25 84 3.4 19.4 17.4 2.1 0.0 1.0 8.3 -999.9
ACBB_Mons 2011 3 26 85 6.5 16.4 12.1 2.2 0.0 2.4 8.7 -999.9
ACBB_Mons 2011 3 27 86 4.2 17.1 17.0 2.4 0.0 2.2 8.1 -999.9
ACBB_Mons 2011 3 28 87 4.0 14.3 17.0 2.4 0.0 2.1 6.9 -999.9
ACBB_Mons 2011 3 29 88 1.0 17.9 17.1 2.1 1.0 1.5 8.3 -999.9
ACBB_Mons 2011 3 30 89 8.1 13.1 4.5 0.8 3.0 3.6 12.2 -999.9
ACBB_Mons 2011 3 31 90 9.8 15.5 5.6 1.0 5.0 4.9 14.3 -999.9
ACBB_Mons 2011 4 1 91 12.4 16.0 7.3 1.6 0.5 3.7 14.4 -999.9
ACBB_Mons 2011 4 2 92 8.7 23.7 17.8 3.2 0.5 3.4 13.6 -999.9
ACBB_Mons 2011 4 3 93 9.1 12.9 5.4 1.1 0.5 1.6 11.5 -999.9
ACBB_Mons 2011 4 4 94 6.3 13.4 11.7 1.9 0.0 2.2 9.3 -999.9
ACBB_Mons 2011 4 5 95 2.4 14.1 8.0 1.5 0.0 2.5 8.6 -999.9
ACBB_Mons 2011 4 6 96 7.1 22.5 19.6 2.8 0.0 1.5 12.7 -999.9
ACBB_Mons 2011 4 7 97 7.6 21.3 20.8 2.9 0.0 1.4 11.9 -999.9
ACBB_Mons 2011 4 8 98 7.4 19.6 19.7 2.8 0.0 1.3 10.6 -999.9
ACBB_Mons 2011 4 9 99 5.7 18.9 21.6 3.4 0.0 2.8 8.9 -999.9
ACBB_Mons 2011 4 10 100 6.3 23.2 21.5 3.7 0.0 2.2 9.3 -999.9
ACBB_Mons 2011 4 11 101 7.2 19.5 19.0 3.0 0.0 2.2 11.1 -999.9
ACBB_Mons 2011 4 12 102 5.9 13.3 18.3 3.0 0.0 3.1 7.6 -999.9
ACBB_Mons 2011 4 13 103 0.4 14.1 14.8 2.1 0.0 1.7 7.1 -999.9
ACBB_Mons 2011 4 14 104 6.3 14.2 14.9 2.4 0.0 1.2 7.6 -999.9
ACBB_Mons 2011 4 15 105 8.2 15.6 14.6 2.7 0.0 1.4 7.4 -999.9
ACBB_Mons 2011 4 16 106 3.7 16.7 18.8 2.8 0.0 1.2 6.9 -999.9
ACBB_Mons 2011 4 17 107 5.4 17.7 21.2 3.3 0.0 1.8 7.3 -999.9
ACBB_Mons 2011 4 18 108 4.0 20.2 23.0 3.7 0.0 2.3 8.0 -999.9
ACBB_Mons 2011 4 19 109 9.9 23.4 23.1 4.4 0.0 2.3 9.7 -999.9
ACBB_Mons 2011 4 20 110 8.9 24.0 22.9 4.0 0.0 1.6 9.3 -999.9
ACBB_Mons 2011 4 21 111 9.6 23.4 22.7 4.5 0.0 2.6 9.8 -999.9
ACBB_Mons 2011 4 22 112 10.0 24.7 23.4 4.3 0.0 1.8 10.9 -999.9
ACBB_Mons 2011 4 23 113 8.1 25.1 22.2 3.8 0.0 1.3 11.3 -999.9
ACBB_Mons 2011 4 24 114 9.0 24.2 17.5 3.3 0.0 1.3 11.8 -999.9
ACBB_Mons 2011 4 25 115 9.2 23.5 23.4 4.3 0.0 2.3 11.2 -999.9
ACBB_Mons 2011 4 26 116 8.6 20.2 23.2 4.0 0.0 2.9 11.3 -999.9
ACBB_Mons 2011 4 27 117 9.0 17.5 23.1 4.2 0.0 3.4 9.4 -999.9
ACBB_Mons 2011 4 28 118 8.5 14.2 5.9 1.2 7.5 2.4 12.1 -999.9
ACBB_Mons 2011 4 29 119 8.4 19.4 12.5 2.2 6.0 2.0 13.6 -999.9
ACBB_Mons 2011 4 30 120 9.9 20.2 19.9 3.4 1.0 2.3 13.1 -999.9
ACBB_Mons 2011 5 1 121 9.6 21.2 21.7 4.1 0.0 2.7 11.7 -999.9
ACBB_Mons 2011 5 2 122 8.7 17.7 25.1 4.8 0.0 3.6 8.2 -999.9
ACBB_Mons 2011 5 3 123 4.6 15.4 25.8 4.3 0.0 3.4 6.8 -999.9
ACBB_Mons 2011 5 4 124 3.4 16.5 26.8 3.9 0.0 1.8 6.3 -999.9
ACBB_Mons 2011 5 5 125 4.2 19.2 25.5 4.0 0.0 1.9 8.0 -999.9
ACBB_Mons 2011 5 6 126 8.1 23.8 23.2 4.4 0.0 2.0 10.0 -999.9
ACBB_Mons 2011 5 7 127 12.2 25.1 25.0 5.5 0.0 3.5 12.4 -999.9
ACBB_Mons 2011 5 8 128 16.1 23.8 18.7 4.6 0.0 2.5 13.4 -999.9
ACBB_Mons 2011 5 9 129 11.1 23.8 24.1 4.3 0.0 1.3 12.6 -999.9
ACBB_Mons 2011 5 10 130 12.7 22.7 20.8 4.3 0.0 2.2 13.2 -999.9
ACBB_Mons 2011 5 11 131 9.0 19.7 24.1 4.0 0.0 1.5 10.4 -999.9
ACBB_Mons 2011 5 12 132 8.1 17.1 23.6 3.9 0.0 2.2 9.7 -999.9
ACBB_Mons 2011 5 13 133 2.6 19.5 26.2 3.7 0.0 1.2 9.1 -999.9
ACBB_Mons 2011 5 14 134 7.3 17.6 23.0 4.0 0.0 2.2 9.0 -999.9
ACBB_Mons 2011 5 15 135 7.9 15.8 15.5 3.1 0.0 2.4 9.1 -999.9
ACBB_Mons 2011 5 16 136 6.5 18.0 10.9 2.3 0.0 2.7 11.3 -999.9
ACBB_Mons 2011 5 17 137 10.0 19.8 24.1 4.6 0.0 2.7 10.6 -999.9
ACBB_Mons 2011 5 18 138 6.4 23.4 27.0 4.5 0.0 1.8 11.6 -999.9
ACBB_Mons 2011 5 19 139 10.1 19.8 17.6 3.1 0.0 1.5 13.7 -999.9
ACBB_Mons 2011 5 20 140 8.0 20.1 20.1 3.5 0.0 1.6 11.5 -999.9
ACBB_Mons 2011 5 21 141 3.0 23.0 26.8 4.0 0.0 1.0 11.1 -999.9
ACBB_Mons 2011 5 22 142 11.6 19.7 22.6 4.6 0.0 2.5 10.7 -999.9
ACBB_Mons 2011 5 23 143 4.7 24.3 28.8 5.0 0.0 2.3 10.3 -999.9
ACBB_Mons 2011 5 24 144 9.1 17.8 27.7 4.8 0.0 2.3 8.6 -999.9
ACBB_Mons 2011 5 25 145 1.3 23.0 29.9 4.5 0.0 1.5 8.6 -999.9
ACBB_Mons 2011 5 26 146 8.6 18.5 16.2 4.1 0.5 4.4 9.9 -999.9
ACBB_Mons 2011 5 27 147 10.0 17.6 14.1 3.1 0.0 2.1 10.5 -999.9
ACBB_Mons 2011 5 28 148 3.0 20.5 26.0 4.2 0.0 2.4 9.3 -999.9
ACBB_Mons 2011 5 29 149 8.0 24.5 25.2 4.8 0.0 2.6 12.4 -999.9
ACBB_Mons 2011 5 30 150 7.9 29.1 22.7 4.7 0.5 1.9 13.2 -999.9
ACBB_Mons 2011 5 31 151 11.2 17.7 18.2 4.0 0.0 2.5 9.6 -999.9
ACBB_Mons 2011 6 1 152 4.6 20.7 30.5 4.9 0.0 1.9 8.3 -999.9
ACBB_Mons 2011 6 2 153 8.7 24.0 30.8 6.4 0.0 3.2 8.1 -999.9
ACBB_Mons 2011 6 3 154 12.0 26.4 27.8 6.4 0.0 3.6 12.2 -999.9
ACBB_Mons 2011 6 4 155 16.5 30.4 23.8 6.0 8.0 2.5 16.3 -999.9
ACBB_Mons 2011 6 5 156 16.8 25.0 14.2 3.3 4.0 1.6 19.3 -999.9
ACBB_Mons 2011 6 6 157 14.9 20.7 7.2 2.0 1.5 2.0 16.7 -999.9
ACBB_Mons 2011 6 7 158 12.5 18.2 8.4 1.9 4.5 1.4 14.6 -999.9
ACBB_Mons 2011 6 8 159 6.8 19.3 22.8 3.8 0.0 1.7 10.7 -999.9
ACBB_Mons 2011 6 9 160 6.0 19.3 23.5 3.8 0.0 1.4 10.1 -999.9
ACBB_Mons 2011 6 10 161 9.9 15.8 9.4 2.0 10.5 1.2 11.5 -999.9
ACBB_Mons 2011 6 11 162 5.7 16.7 21.9 3.5 0.0 2.1 10.4 -999.9
ACBB_Mons 2011 6 12 163 4.5 19.3 19.1 3.4 0.5 2.3 10.2 -999.9
ACBB_Mons 2011 6 13 164 12.0 21.9 14.4 3.1 1.0 2.5 15.9 -999.9
ACBB_Mons 2011 6 14 165 13.2 23.5 20.9 3.9 0.0 0.9 16.0 -999.9
ACBB_Mons 2011 6 15 166 15.4 23.5 21.7 4.7 3.5 2.2 15.5 -999.9
ACBB_Mons 2011 6 16 167 15.6 20.8 18.0 4.4 3.0 2.8 13.6 -999.9
ACBB_Mons 2011 6 17 168 6.3 17.3 10.8 1.9 1.5 2.5 12.6 -999.9
ACBB_Mons 2011 6 18 169 11.3 17.6 17.4 4.1 6.5 4.4 11.6 -999.9
ACBB_Mons 2011 6 19 170 10.5 18.6 14.8 3.5 4.5 3.4 11.6 -999.9
ACBB_Mons 2011 6 20 171 9.7 20.8 12.5 2.3 3.5 2.4 16.0 -999.9
ACBB_Mons 2011 6 21 172 14.5 22.9 17.1 3.7 1.5 2.3 17.0 -999.9
ACBB_Mons 2011 6 22 173 13.3 19.8 13.9 3.1 7.0 2.3 14.4 -999.9
ACBB_Mons 2011 6 23 174 11.5 18.6 23.4 4.6 0.5 3.0 11.5 -999.9
ACBB_Mons 2011 6 24 175 7.4 19.2 27.9 4.6 0.0 2.1 10.6 -999.9
ACBB_Mons 2011 6 25 176 11.9 21.5 11.9 2.7 0.0 1.9 15.1 -999.9
ACBB_Mons 2011 6 26 177 13.8 27.5 24.5 4.9 0.0 1.5 18.3 -999.9
ACBB_Mons 2011 6 27 178 17.9 34.1 27.7 6.9 1.0 2.4 20.3 -999.9
ACBB_Mons 2011 6 28 179 19.8 33.9 21.8 6.1 14.5 2.4 21.0 -999.9
ACBB_Mons 2011 6 29 180 15.2 22.1 21.2 4.8 0.0 2.5 13.2 -999.9
ACBB_Mons 2011 6 30 181 7.7 21.6 18.1 3.4 0.0 1.3 11.6 -999.9
ACBB_Mons 2011 7 1 182 9.2 21.4 22.8 4.3 0.0 1.6 10.6 -999.9
ACBB_Mons 2011 7 2 183 7.3 20.8 24.9 4.4 0.0 1.7 9.5 -999.9
ACBB_Mons 2011 7 3 184 6.4 22.7 29.5 4.9 0.0 1.7 10.4 -999.9
ACBB_Mons 2011 7 4 185 9.2 24.9 30.4 5.5 0.0 1.8 11.4 -999.9
ACBB_Mons 2011 7 5 186 9.0 29.4 27.5 5.5 0.5 1.7 12.6 -999.9
ACBB_Mons 2011 7 6 187 13.8 23.3 18.1 4.4 2.0 2.6 13.4 -999.9
ACBB_Mons 2011 7 7 188 8.9 22.4 20.2 4.3 0.0 2.9 11.7 -999.9
ACBB_Mons 2011 7 8 189 11.5 23.1 16.8 4.1 3.0 3.0 13.0 -999.9
ACBB_Mons 2011 7 9 190 14.1 21.5 13.6 3.4 1.0 2.1 13.8 -999.9
ACBB_Mons 2011 7 10 191 13.9 23.7 12.3 3.2 0.0 1.3 13.1 -999.9
ACBB_Mons 2011 7 11 192 10.7 26.7 26.8 5.1 0.0 1.4 12.3 -999.9
ACBB_Mons 2011 7 12 193 14.2 22.6 8.9 2.8 0.5 2.9 15.6 -999.9
ACBB_Mons 2011 7 13 194 13.0 18.4 10.4 3.2 0.0 3.6 12.2 -999.9
ACBB_Mons 2011 7 14 195 9.1 19.8 15.6 3.6 0.0 2.6 10.5 -999.9
ACBB_Mons 2011 7 15 196 7.6 26.6 26.2 5.0 0.0 1.8 10.6 -999.9
ACBB_Mons 2011 7 16 197 11.7 20.6 8.0 2.5 15.0 3.4 14.4 -999.9
ACBB_Mons 2011 7 17 198 12.5 18.6 14.3 3.4 1.0 4.1 13.5 -999.9
ACBB_Mons 2011 7 18 199 12.6 18.5 11.7 3.2 0.5 3.5 12.6 -999.9
ACBB_Mons 2011 7 19 200 11.6 17.1 7.2 1.6 16.5 1.1 14.1 -999.9
ACBB_Mons 2011 7 20 201 9.4 19.9 10.5 2.2 0.0 1.9 13.8 -999.9
ACBB_Mons 2011 7 21 202 13.5 22.7 13.8 3.3 0.0 1.7 13.9 -999.9
ACBB_Mons 2011 7 22 203 14.4 21.6 17.9 4.0 3.0 2.2 13.4 -999.9
ACBB_Mons 2011 7 23 204 6.7 17.6 10.1 2.0 4.5 1.5 11.7 -999.9
ACBB_Mons 2011 7 24 205 11.7 21.4 25.5 5.0 0.0 2.9 11.8 -999.9
ACBB_Mons 2011 7 25 206 10.0 24.1 15.4 3.3 0.0 1.6 13.6 -999.9
ACBB_Mons 2011 7 26 207 13.5 21.0 15.1 3.3 0.0 1.7 13.3 -999.9
ACBB_Mons 2011 7 27 208 14.1 18.8 7.9 2.0 1.0 1.4 14.7 -999.9
ACBB_Mons 2011 7 28 209 14.0 22.3 11.9 2.8 1.0 1.9 15.7 -999.9
ACBB_Mons 2011 7 29 210 14.9 24.0 19.5 4.4 0.0 2.3 14.4 -999.9
ACBB_Mons 2011 7 30 211 9.2 20.9 17.5 3.4 0.0 1.7 11.4 -999.9
ACBB_Mons 2011 7 31 212 7.4 23.2 26.6 4.4 0.0 1.3 10.7 -999.9
ACBB_Mons 2011 8 1 213 9.8 26.2 27.0 5.1 0.0 1.9 11.6 -999.9
ACBB_Mons 2011 8 2 214 11.5 29.2 20.9 4.5 1.0 1.7 14.4 -999.9
ACBB_Mons 2011 8 3 215 17.9 24.4 9.7 2.8 0.5 1.8 18.3 -999.9
ACBB_Mons 2011 8 4 216 11.4 26.5 14.7 3.4 9.5 2.8 17.1 -999.9
ACBB_Mons 2011 8 5 217 12.9 22.1 11.1 2.2 0.5 1.0 16.9 -999.9
ACBB_Mons 2011 8 6 218 14.2 22.2 9.2 2.4 2.0 2.6 17.2 -999.9
ACBB_Mons 2011 8 7 219 11.6 21.8 18.3 4.3 6.0 3.9 12.7 -999.9
ACBB_Mons 2011 8 8 220 12.4 20.6 19.7 4.6 1.0 4.7 12.5 -999.9
ACBB_Mons 2011 8 9 221 12.0 19.7 18.9 4.0 0.0 3.0 11.8 -999.9
ACBB_Mons 2011 8 10 222 7.3 23.0 24.9 4.3 0.0 2.6 11.6 -999.9
ACBB_Mons 2011 8 11 223 11.2 26.8 18.9 4.8 0.0 3.8 13.3 -999.9
ACBB_Mons 2011 8 12 224 15.7 20.0 8.4 2.1 1.5 2.7 17.4 -999.9
ACBB_Mons 2011 8 13 225 13.9 20.4 6.6 1.4 19.5 2.7 18.7 -999.9
ACBB_Mons 2011 8 14 226 14.8 20.2 11.5 2.6 0.0 2.1 15.6 -999.9
ACBB_Mons 2011 8 15 227 9.5 22.6 22.3 3.8 0.0 1.7 12.9 -999.9
ACBB_Mons 2011 8 16 228 13.7 25.1 18.4 3.8 0.0 1.6 13.9 -999.9
ACBB_Mons 2011 8 17 229 11.9 25.6 17.1 3.4 0.0 1.7 16.1 -999.9
ACBB_Mons 2011 8 18 230 15.0 27.6 15.5 3.9 0.5 3.4 18.9 -999.9
ACBB_Mons 2011 8 19 231 16.2 22.0 15.2 3.3 0.0 1.8 15.5 -999.9
ACBB_Mons 2011 8 20 232 10.4 28.2 23.7 4.4 1.0 1.7 14.6 -999.9
ACBB_Mons 2011 8 21 233 18.3 29.5 15.5 4.3 0.0 2.7 19.6 -999.9
ACBB_Mons 2011 8 22 234 15.0 23.6 10.4 2.8 22.5 2.8 16.9 -999.9
ACBB_Mons 2011 8 23 235 16.0 25.4 16.1 3.6 0.0 3.4 19.3 -999.9
ACBB_Mons 2011 8 24 236 16.7 21.3 12.1 3.1 0.0 2.9 16.1 -999.9
ACBB_Mons 2011 8 25 237 13.6 24.5 16.7 3.6 16.0 2.4 15.4 -999.9
ACBB_Mons 2011 8 26 238 15.4 18.6 5.8 1.9 3.5 3.6 16.1 -999.9
ACBB_Mons 2011 8 27 239 11.9 18.9 13.3 2.9 2.0 3.4 13.3 -999.9
ACBB_Mons 2011 8 28 240 10.9 18.2 13.3 2.8 0.5 3.5 12.4 -999.9
ACBB_Mons 2011 8 29 241 9.6 18.8 18.1 3.1 0.0 2.2 11.4 -999.9
ACBB_Mons 2011 8 30 242 6.1 17.8 11.7 1.9 0.0 0.8 10.3 -999.9
ACBB_Mons 2011 8 31 243 7.6 19.8 18.4 2.8 0.0 1.6 11.3 -999.9
ACBB_Mons 2011 9 1 244 10.7 25.4 19.7 3.7 0.0 2.5 14.0 -999.9
ACBB_Mons 2011 9 2 245 14.5 28.3 19.0 3.7 0.0 1.5 18.0 -999.9
ACBB_Mons 2011 9 3 246 16.3 30.3 19.7 4.3 18.5 2.0 18.7 -999.9
ACBB_Mons 2011 9 4 247 16.2 21.8 11.2 2.7 3.0 2.9 17.3 -999.9
ACBB_Mons 2011 9 5 248 12.4 18.8 16.8 3.6 0.0 4.6 12.5 -999.9
ACBB_Mons 2011 9 6 249 12.3 18.6 7.9 2.6 9.0 6.2 14.1 -999.9
ACBB_Mons 2011 9 7 250 12.4 18.4 13.6 3.4 0.0 5.5 12.7 -999.9
ACBB_Mons 2011 9 8 251 13.2 18.0 4.9 1.8 4.0 4.5 14.6 -999.9
ACBB_Mons 2011 9 9 252 15.9 21.8 5.2 1.1 1.0 2.2 21.1 -999.9
ACBB_Mons 2011 9 10 253 16.2 28.9 16.6 3.8 0.0 3.4 20.7 -999.9
ACBB_Mons 2011 9 11 254 15.2 17.9 5.7 1.8 15.0 3.7 15.7 -999.9
ACBB_Mons 2011 9 12 255 13.9 22.3 10.0 2.9 0.5 5.2 15.9 -999.9
ACBB_Mons 2011 9 13 256 14.3 19.9 13.8 3.3 0.0 3.8 13.2 -999.9
ACBB_Mons 2011 9 14 257 8.9 18.6 12.9 2.2 0.0 2.5 11.9 -999.9
ACBB_Mons 2011 9 15 258 7.2 20.2 17.6 2.3 0.0 1.3 11.5 -999.9
ACBB_Mons 2011 9 16 259 10.4 22.4 11.0 2.5 0.5 2.8 13.5 -999.9
ACBB_Mons 2011 9 17 260 11.4 17.5 8.0 2.1 7.5 4.0 12.8 -999.9
ACBB_Mons 2011 9 18 261 8.8 15.3 9.3 1.7 5.0 3.9 12.0 -999.9
ACBB_Mons 2011 9 19 262 7.8 18.5 15.6 2.1 0.0 2.0 12.1 -999.9
ACBB_Mons 2011 9 20 263 11.2 17.9 8.6 1.8 0.0 2.8 13.3 -999.9
ACBB_Mons 2011 9 21 264 13.0 19.3 8.9 2.0 0.0 2.6 14.0 -999.9
ACBB_Mons 2011 9 22 265 9.3 18.1 12.1 1.8 0.0 2.0 12.6 -999.9
ACBB_Mons 2011 9 23 266 6.4 19.3 14.1 1.7 0.5 0.6 11.2 -999.9
ACBB_Mons 2011 9 24 267 8.6 22.0 15.8 2.1 0.0 0.9 12.4 -999.9
ACBB_Mons 2011 9 25 268 10.1 24.3 15.1 2.3 0.0 1.6 14.4 -999.9
ACBB_Mons 2011 9 26 269 12.6 24.7 14.5 2.4 0.0 1.6 15.7 -999.9
ACBB_Mons 2011 9 27 270 13.5 24.5 15.2 2.3 0.0 1.2 16.1 -999.9
ACBB_Mons 2011 9 28 271 13.6 26.7 15.4 2.8 0.5 2.1 15.9 -999.9
ACBB_Mons 2011 9 29 272 15.1 26.2 15.1 2.9 0.0 2.1 15.4 -999.9
ACBB_Mons 2011 9 30 273 12.8 26.3 14.8 2.5 0.0 1.5 15.0 -999.9
ACBB_Mons 2011 10 1 274 12.8 27.6 14.4 2.2 0.0 0.8 14.8 -999.9
ACBB_Mons 2011 10 2 275 10.6 27.2 14.3 2.0 0.0 0.5 13.8 -999.9
ACBB_Mons 2011 10 3 276 10.2 26.7 14.3 2.2 0.0 1.4 13.2 -999.9
ACBB_Mons 2011 10 4 277 12.0 18.8 3.5 0.7 0.0 2.3 16.6 -999.9
ACBB_Mons 2011 10 5 278 15.6 18.9 4.9 1.9 0.0 3.4 14.8 -999.9
ACBB_Mons 2011 10 6 279 10.7 17.1 6.0 2.1 3.5 4.8 11.8 -999.9
ACBB_Mons 2011 10 7 280 6.4 14.5 10.4 1.4 0.5 2.8 10.0 -999.9
ACBB_Mons 2011 10 8 281 7.4 13.1 5.8 1.1 4.5 2.7 10.5 -999.9
ACBB_Mons 2011 10 9 282 10.7 16.4 2.2 0.4 9.0 3.3 14.9 -999.9
ACBB_Mons 2011 10 10 283 14.9 18.2 5.3 1.9 0.0 5.5 15.3 -999.9
ACBB_Mons 2011 10 11 284 14.4 16.4 3.6 1.5 0.5 4.5 14.4 -999.9
ACBB_Mons 2011 10 12 285 13.2 15.8 4.3 1.0 2.5 2.9 14.4 -999.9
ACBB_Mons 2011 10 13 286 12.4 16.4 7.1 1.2 0.0 1.8 13.1 -999.9
ACBB_Mons 2011 10 14 287 6.4 15.0 12.9 1.6 0.0 2.7 8.3 -999.9
ACBB_Mons 2011 10 15 288 3.6 14.0 12.7 1.2 0.0 2.1 7.5 -999.9
ACBB_Mons 2011 10 16 289 3.1 15.7 11.9 0.9 0.0 1.3 8.9 -999.9
ACBB_Mons 2011 10 17 290 5.5 16.2 7.9 0.8 0.0 2.2 11.7 -999.9
ACBB_Mons 2011 10 18 291 7.9 12.6 2.6 0.8 5.0 3.1 10.7 -999.9
ACBB_Mons 2011 10 19 292 6.2 12.3 8.9 1.1 0.5 2.2 8.5 -999.9
ACBB_Mons 2011 10 20 293 1.2 10.7 9.9 0.7 0.0 1.2 6.8 -999.9
ACBB_Mons 2011 10 21 294 -0.7 11.5 10.4 0.7 0.0 1.4 6.6 -999.9
ACBB_Mons 2011 10 22 295 1.2 7.9 6.6 0.8 0.5 4.0 7.0 -999.9
ACBB_Mons 2011 10 23 296 2.9 15.0 10.3 1.0 0.0 4.1 9.2 -999.9
ACBB_Mons 2011 10 24 297 4.7 15.1 9.9 1.3 5.5 5.4 9.7 -999.9
ACBB_Mons 2011 10 25 298 9.4 15.5 4.4 1.0 3.5 2.9 11.8 -999.9
ACBB_Mons 2011 10 26 299 7.7 14.4 9.6 1.1 0.0 3.5 10.1 -999.9
ACBB_Mons 2011 10 27 300 7.3 16.0 7.7 1.0 0.0 2.9 10.6 -999.9
ACBB_Mons 2011 10 28 301 10.0 17.3 7.3 0.7 0.0 1.5 13.2 -999.9
ACBB_Mons 2011 10 29 302 12.2 16.5 4.2 0.6 0.0 1.6 14.7 -999.9
ACBB_Mons 2011 10 30 303 10.5 15.4 6.1 0.6 0.0 2.3 13.4 -999.9
ACBB_Mons 2011 10 31 304 7.4 16.5 7.9 0.6 0.5 2.3 11.8 -999.9
ACBB_Mons 2011 11 1 305 7.9 16.3 4.7 0.6 5.5 2.3 12.5 -999.9
ACBB_Mons 2011 11 2 306 8.5 13.9 4.3 0.4 0.0 3.4 12.8 -999.9
ACBB_Mons 2011 11 3 307 12.8 16.1 2.0 0.9 3.5 3.7 14.0 -999.9
ACBB_Mons 2011 11 4 308 11.7 16.9 7.0 1.0 6.0 3.8 12.9 -999.9
ACBB_Mons 2011 11 5 309 12.2 17.3 5.1 0.7 0.0 1.9 13.9 -999.9
ACBB_Mons 2011 11 6 310 12.1 13.2 3.2 1.0 0.0 3.2 11.9 -999.9
ACBB_Mons 2011 11 7 311 8.6 10.3 0.9 0.4 0.5 2.7 10.2 -999.9
ACBB_Mons 2011 11 8 312 8.2 10.8 1.2 0.2 1.0 2.0 11.1 -999.9
ACBB_Mons 2011 11 9 313 9.5 15.0 4.3 0.7 0.0 2.5 11.5 -999.9
ACBB_Mons 2011 11 10 314 6.1 8.7 3.9 0.3 0.0 3.6 9.4 -999.9
ACBB_Mons 2011 11 11 315 5.8 7.8 1.7 0.3 0.5 4.4 9.3 -999.9
ACBB_Mons 2011 11 12 316 4.5 12.7 5.5 0.3 0.0 3.1 9.7 -999.9
ACBB_Mons 2011 11 13 317 5.4 8.0 2.0 0.3 0.0 3.7 9.5 -999.9
ACBB_Mons 2011 11 14 318 3.9 7.2 3.6 0.3 0.0 3.2 8.0 -999.9
ACBB_Mons 2011 11 15 319 1.0 3.9 1.8 0.3 0.0 3.3 6.8 -999.9
ACBB_Mons 2011 11 16 320 0.7 3.3 1.8 0.2 0.0 3.3 6.8 -999.9
ACBB_Mons 2011 11 17 321 2.1 8.5 1.6 0.0 0.0 2.5 9.3 -999.9
ACBB_Mons 2011 11 18 322 7.4 10.2 2.8 0.1 0.5 2.4 11.0 -999.9
ACBB_Mons 2011 11 19 323 4.5 11.0 5.7 0.0 0.0 2.3 9.2 -999.9
ACBB_Mons 2011 11 20 324 1.1 12.5 6.2 0.0 0.5 0.5 8.2 -999.9
ACBB_Mons 2011 11 21 325 -0.7 10.2 3.4 0.0 0.0 1.2 8.7 -999.9
ACBB_Mons 2011 11 22 326 4.3 13.1 5.4 0.0 2.0 0.9 9.5 -999.9
ACBB_Mons 2011 11 23 327 3.5 10.2 1.7 0.0 0.0 0.6 10.9 -999.9
ACBB_Mons 2011 11 24 328 7.0 8.9 1.0 0.0 0.0 1.7 10.7 -999.9
ACBB_Mons 2011 11 25 329 5.9 9.2 0.9 0.1 0.5 2.8 9.9 -999.9
ACBB_Mons 2011 11 26 330 2.0 9.3 4.2 0.0 0.0 2.9 8.9 -999.9
ACBB_Mons 2011 11 27 331 5.7 12.8 1.9 0.7 0.0 3.7 9.9 -999.9
ACBB_Mons 2011 11 28 332 -0.4 6.9 2.4 0.0 0.0 1.9 8.1 -999.9
ACBB_Mons 2011 11 29 333 3.2 10.3 1.4 0.2 0.5 4.1 9.4 -999.9
ACBB_Mons 2011 11 30 334 2.7 10.8 5.0 0.0 0.5 1.8 8.3 -999.9
ACBB_Mons 2011 12 1 335 2.5 12.8 1.2 0.0 3.5 5.3 11.5 -999.9
ACBB_Mons 2011 12 2 336 5.5 9.5 4.4 0.1 1.0 3.0 8.7 -999.9
ACBB_Mons 2011 12 3 337 5.3 10.9 0.8 0.4 9.0 5.3 9.9 -999.9
ACBB_Mons 2011 12 4 338 7.3 10.7 1.2 0.2 9.5 3.8 11.0 -999.9
ACBB_Mons 2011 12 5 339 1.7 6.7 3.3 0.3 5.0 4.1 7.0 -999.9
ACBB_Mons 2011 12 6 340 3.9 8.3 2.3 0.6 10.5 4.3 7.7 -999.9
ACBB_Mons 2011 12 7 341 4.8 10.4 3.1 1.0 2.5 5.4 7.8 -999.9
ACBB_Mons 2011 12 8 342 1.7 11.1 2.2 0.4 4.0 5.5 8.7 -999.9
ACBB_Mons 2011 12 9 343 5.1 9.3 3.0 0.3 0.5 3.3 8.4 -999.9
ACBB_Mons 2011 12 10 344 -0.3 5.7 2.6 0.0 0.0 1.1 7.1 -999.9
ACBB_Mons 2011 12 11 345 2.3 8.9 3.9 0.0 5.5 2.9 7.8 -999.9
ACBB_Mons 2011 12 12 346 4.6 9.5 4.2 0.2 1.5 4.8 8.3 -999.9
ACBB_Mons 2011 12 13 347 5.6 11.1 2.0 1.2 6.5 7.4 8.9 -999.9
ACBB_Mons 2011 12 14 348 4.8 8.0 2.6 0.9 1.5 6.1 7.6 -999.9
ACBB_Mons 2011 12 15 349 3.7 12.2 2.0 1.7 16.0 6.5 7.4 -999.9
ACBB_Mons 2011 12 16 350 2.6 11.0 1.0 1.0 7.0 5.8 8.2 -999.9
ACBB_Mons 2011 12 17 351 1.5 6.9 3.7 0.0 4.5 2.4 6.8 -999.9
ACBB_Mons 2011 12 18 352 0.9 4.7 4.4 0.0 4.5 2.7 5.9 -999.9
ACBB_Mons 2011 12 19 353 -2.5 5.7 2.9 0.1 2.5 2.8 5.8 -999.9
ACBB_Mons 2011 12 20 354 1.3 7.8 3.5 0.0 1.0 2.5 7.5 -999.9
ACBB_Mons 2011 12 21 355 2.7 10.1 0.9 0.0 3.0 1.9 9.5 -999.9
ACBB_Mons 2011 12 22 356 7.7 12.0 3.2 0.0 0.0 3.2 10.9 -999.9
ACBB_Mons 2011 12 23 357 8.0 9.2 1.5 0.6 2.0 4.7 9.7 -999.9
ACBB_Mons 2011 12 24 358 3.8 7.3 4.0 0.1 0.0 3.1 7.1 -999.9
ACBB_Mons 2011 12 25 359 4.4 10.1 2.2 0.3 0.0 4.1 9.0 -999.9
ACBB_Mons 2011 12 26 360 8.0 10.2 1.1 0.5 0.0 2.8 9.8 -999.9
ACBB_Mons 2011 12 27 361 1.3 5.8 2.1 0.0 0.0 1.5 7.8 -999.9
ACBB_Mons 2011 12 28 362 2.4 6.5 0.8 0.2 0.0 4.1 7.7 -999.9
ACBB_Mons 2011 12 29 363 1.9 8.4 2.1 0.4 11.5 4.5 7.7 -999.9
ACBB_Mons 2011 12 30 364 4.4 10.2 2.7 0.5 12.0 2.3 7.5 -999.9
ACBB_Mons 2011 12 31 365 4.9 11.8 1.0 0.0 1.0 4.4 12.1 -999.9
ACBB_Mons 2012 1 1 1 11.0 13.7 1.1 0.7 7.5 5.8 12.8 -999.9
ACBB_Mons 2012 1 2 2 4.2 8.4 2.5 0.3 2.5 3.8 8.5 -999.9
ACBB_Mons 2012 1 3 3 3.8 11.9 1.0 1.0 2.5 7.6 9.1 -999.9
ACBB_Mons 2012 1 4 4 3.7 9.6 3.4 0.7 6.0 5.6 7.8 -999.9
ACBB_Mons 2012 1 5 5 6.7 11.5 2.5 1.6 5.0 7.1 8.5 -999.9
ACBB_Mons 2012 1 6 6 2.0 7.5 4.4 0.1 0.0 2.8 6.5 -999.9
ACBB_Mons 2012 1 7 7 1.6 11.2 3.2 0.1 2.0 3.6 8.8 -999.9
ACBB_Mons 2012 1 8 8 4.6 8.2 2.0 0.3 1.0 1.7 8.2 -999.9
ACBB_Mons 2012 1 9 9 5.8 10.7 3.1 0.1 0.0 2.7 9.8 -999.9
ACBB_Mons 2012 1 10 10 7.2 10.0 1.7 0.2 0.0 1.4 10.5 -999.9
ACBB_Mons 2012 1 11 11 6.9 10.9 4.5 0.0 0.0 1.4 9.1 -999.9
ACBB_Mons 2012 1 12 12 3.2 9.2 3.4 0.1 0.0 3.0 8.6 -999.9
ACBB_Mons 2012 1 13 13 -0.5 7.0 4.9 0.0 0.0 1.0 6.8 -999.9
ACBB_Mons 2012 1 14 14 -1.5 5.3 5.9 0.0 0.0 1.1 5.9 -999.9
ACBB_Mons 2012 1 15 15 -1.1 5.1 5.8 0.0 0.0 2.5 5.2 -999.9
ACBB_Mons 2012 1 16 16 -2.2 4.8 5.8 0.1 0.0 2.1 4.6 -999.9
ACBB_Mons 2012 1 17 17 -3.1 3.1 5.3 0.0 0.0 1.6 4.6 -999.9
ACBB_Mons 2012 1 18 18 -3.4 9.2 1.8 0.5 0.5 3.3 6.6 -999.9
ACBB_Mons 2012 1 19 19 3.9 11.4 0.7 0.0 6.0 5.1 11.0 -999.9
ACBB_Mons 2012 1 20 20 5.4 8.5 1.7 0.7 3.0 4.4 8.5 -999.9
ACBB_Mons 2012 1 21 21 7.2 11.2 1.3 0.8 1.0 5.6 10.0 -999.9
ACBB_Mons 2012 1 22 22 4.5 10.1 2.1 0.8 0.0 4.2 8.3 -999.9
ACBB_Mons 2012 1 23 23 2.2 8.5 4.3 0.1 0.0 1.8 7.8 -999.9
ACBB_Mons 2012 1 24 24 0.2 5.5 2.0 0.2 3.5 2.1 7.2 -999.9
ACBB_Mons 2012 1 25 25 3.5 8.1 1.6 0.2 1.0 2.7 9.0 -999.9
ACBB_Mons 2012 1 26 26 5.5 9.8 2.4 0.5 1.5 3.4 9.3 -999.9
ACBB_Mons 2012 1 27 27 -0.6 8.1 6.9 0.0 1.5 1.9 7.0 -999.9
ACBB_Mons 2012 1 28 28 2.0 3.5 1.3 0.1 0.5 1.4 7.0 -999.9
ACBB_Mons 2012 1 29 29 -0.3 0.7 1.6 0.5 0.0 2.8 5.1 -999.9
ACBB_Mons 2012 1 30 30 -1.9 -0.9 0.9 0.3 0.0 1.5 4.4 -999.9
ACBB_Mons 2012 1 31 31 -1.7 1.1 2.8 0.6 0.0 2.4 4.5 -999.9
ACBB_Mons 2012 2 1 32 -6.2 -2.4 7.3 0.7 0.0 5.1 2.9 -999.9
ACBB_Mons 2012 2 2 33 -8.4 -2.6 8.3 1.1 0.0 5.8 2.1 -999.9
ACBB_Mons 2012 2 3 34 -10.0 -3.1 5.6 0.5 0.0 2.7 2.5 -999.9
ACBB_Mons 2012 2 4 35 -11.3 -3.7 9.7 0.1 0.0 1.8 2.5 -999.9
ACBB_Mons 2012 2 5 36 -8.5 -3.5 4.6 0.7 0.0 3.1 2.4 -999.9
ACBB_Mons 2012 2 6 37 -6.8 -0.4 6.4 0.5 0.0 1.4 2.5 -999.9
ACBB_Mons 2012 2 7 38 -10.3 -4.4 8.7 0.5 0.0 3.8 2.2 -999.9
ACBB_Mons 2012 2 8 39 -7.2 -1.3 7.9 0.6 0.0 3.8 3.0 -999.9
ACBB_Mons 2012 2 9 40 -8.9 -1.5 8.4 0.2 0.0 2.1 3.3 -999.9
ACBB_Mons 2012 2 10 41 -8.5 -0.1 10.4 0.3 0.0 2.9 3.2 -999.9
ACBB_Mons 2012 2 11 42 -9.5 -1.3 10.2 0.6 0.0 3.1 2.4 -999.9
ACBB_Mons 2012 2 12 43 -10.2 0.2 6.9 0.2 0.0 1.3 3.7 -999.9
ACBB_Mons 2012 2 13 44 -1.5 4.3 3.2 0.2 2.0 1.7 6.7 -999.9
ACBB_Mons 2012 2 14 45 2.0 6.0 4.5 0.5 1.5 3.6 7.3 -999.9
ACBB_Mons 2012 2 15 46 2.6 8.1 3.8 0.7 1.5 4.3 7.9 -999.9
ACBB_Mons 2012 2 16 47 3.7 6.4 2.8 0.5 0.0 2.0 8.0 -999.9
ACBB_Mons 2012 2 17 48 0.8 8.0 2.7 0.1 0.5 2.6 8.7 -999.9
ACBB_Mons 2012 2 18 49 5.9 9.4 3.6 0.7 2.0 4.4 9.4 -999.9
ACBB_Mons 2012 2 19 50 0.4 5.8 9.8 0.7 0.0 2.0 5.4 -999.9
ACBB_Mons 2012 2 20 51 -4.6 5.3 11.8 0.4 0.0 1.1 4.6 -999.9
ACBB_Mons 2012 2 21 52 -1.5 5.4 4.5 0.6 0.0 1.6 5.5 -999.9
ACBB_Mons 2012 2 22 53 -1.7 7.6 9.3 0.7 0.0 2.8 6.0 -999.9
ACBB_Mons 2012 2 23 54 4.8 10.6 2.2 0.2 1.0 3.1 10.7 -999.9
ACBB_Mons 2012 2 24 55 8.3 10.6 3.1 0.5 0.0 2.8 11.3 -999.9
ACBB_Mons 2012 2 25 56 7.4 8.9 2.5 0.4 0.0 1.5 9.9 -999.9
ACBB_Mons 2012 2 26 57 3.3 8.0 5.2 0.5 0.0 1.0 8.0 -999.9
ACBB_Mons 2012 2 27 58 -0.6 9.3 5.8 0.3 0.0 2.2 8.5 -999.9
ACBB_Mons 2012 2 28 59 6.9 9.7 2.1 0.2 0.0 2.4 11.0 -999.9
ACBB_Mons 2012 2 29 60 7.2 10.1 2.6 0.3 0.0 0.8 11.1 -999.9
ACBB_Mons 2012 3 1 61 6.1 14.0 10.2 0.9 0.5 2.0 11.0 -999.9
ACBB_Mons 2012 3 2 62 6.6 10.1 2.1 0.2 0.0 1.8 11.0 -999.9
ACBB_Mons 2012 3 3 63 7.1 11.7 5.0 0.7 0.0 2.6 11.0 -999.9
ACBB_Mons 2012 3 4 64 5.9 10.5 3.9 0.6 8.0 3.8 10.4 -999.9
ACBB_Mons 2012 3 5 65 2.1 3.5 1.6 0.0 18.0 7.3 7.6 -999.9
ACBB_Mons 2012 3 6 66 2.4 5.8 5.2 0.6 0.0 1.3 7.3 -999.9
ACBB_Mons 2012 3 7 67 -0.9 6.8 3.5 0.3 8.0 3.8 7.8 -999.9
ACBB_Mons 2012 3 8 68 0.5 9.3 10.8 0.9 0.0 1.4 7.1 -999.9
ACBB_Mons 2012 3 9 69 0.8 12.0 11.6 0.9 0.0 1.5 8.8 -999.9
ACBB_Mons 2012 3 10 70 6.9 11.8 5.2 0.7 0.0 1.8 11.3 -999.9
ACBB_Mons 2012 3 11 71 7.7 13.2 8.9 1.2 0.0 1.6 10.5 -999.9
ACBB_Mons 2012 3 12 72 1.2 15.3 13.9 1.1 0.0 1.3 10.3 -999.9
ACBB_Mons 2012 3 13 73 6.6 11.3 7.2 1.0 0.0 2.1 10.2 -999.9
ACBB_Mons 2012 3 14 74 2.8 10.9 8.2 0.8 0.0 1.4 9.0 -999.9
ACBB_Mons 2012 3 15 75 1.9 19.3 16.1 1.7 0.0 1.9 10.1 -999.9
ACBB_Mons 2012 3 16 76 5.7 18.5 10.5 1.4 0.0 1.6 11.9 -999.9
ACBB_Mons 2012 3 17 77 5.1 10.4 4.2 0.4 0.0 2.7 11.1 -999.9
ACBB_Mons 2012 3 18 78 5.4 10.1 6.7 0.9 0.5 2.0 9.8 -999.9
ACBB_Mons 2012 3 19 79 3.3 11.4 14.2 1.5 0.0 1.7 7.8 -999.9
ACBB_Mons 2012 3 20 80 -0.8 13.0 12.8 1.2 0.0 1.0 7.6 -999.9
ACBB_Mons 2012 3 21 81 3.5 16.3 17.0 2.3 0.0 2.3 7.5 -999.9
ACBB_Mons 2012 3 22 82 5.3 19.2 15.9 2.7 0.0 2.4 7.7 -999.9
ACBB_Mons 2012 3 23 83 5.4 20.0 17.1 2.2 0.0 1.0 8.2 -999.9
ACBB_Mons 2012 3 24 84 7.4 19.7 16.8 2.5 0.0 1.9 10.2 -999.9
ACBB_Mons 2012 3 25 85 6.6 18.0 17.0 2.3 0.0 2.4 10.7 -999.9
ACBB_Mons 2012 3 26 86 5.6 19.5 18.9 3.2 0.0 3.0 7.9 -999.9
ACBB_Mons 2012 3 27 87 5.5 19.5 18.6 3.1 0.0 3.0 8.4 -999.9
ACBB_Mons 2012 3 28 88 6.5 19.4 18.2 2.7 0.0 2.0 9.5 -999.9
ACBB_Mons 2012 3 29 89 3.8 19.2 18.5 2.6 0.0 1.8 8.3 -999.9
ACBB_Mons 2012 3 30 90 3.9 14.3 17.3 2.0 0.0 1.9 9.0 -999.9
ACBB_Mons 2012 3 31 91 7.4 11.0 4.3 1.4 0.0 2.1 8.2 -999.9
ACBB_Mons 2012 4 1 92 0.0 11.4 19.0 2.1 0.0 1.6 6.0 -999.9
ACBB_Mons 2012 4 2 93 1.1 15.2 19.4 2.3 0.0 1.5 6.8 -999.9
ACBB_Mons 2012 4 3 94 3.1 16.7 18.0 2.4 0.0 1.3 7.6 -999.9
ACBB_Mons 2012 4 4 95 1.2 13.1 11.5 1.5 0.0 1.5 8.0 -999.9
ACBB_Mons 2012 4 5 96 5.2 8.6 5.0 1.2 0.0 3.0 8.4 -999.9
ACBB_Mons 2012 4 6 97 2.3 12.0 19.6 2.4 0.0 1.8 6.4 -999.9
ACBB_Mons 2012 4 7 98 4.7 11.5 9.9 2.0 2.0 2.3 7.1 -999.9
ACBB_Mons 2012 4 8 99 -0.6 9.3 11.8 1.4 0.5 2.2 7.0 -999.9
ACBB_Mons 2012 4 9 100 6.5 11.1 5.6 1.1 10.0 4.3 10.6 -999.9
ACBB_Mons 2012 4 10 101 7.9 9.7 4.7 1.1 16.0 2.8 9.7 -999.9
ACBB_Mons 2012 4 11 102 3.0 12.7 14.1 1.9 0.5 2.3 8.6 -999.9
ACBB_Mons 2012 4 12 103 0.0 12.4 12.6 1.5 2.0 1.0 8.1 -999.9
ACBB_Mons 2012 4 13 104 -0.6 13.4 17.5 1.9 0.0 1.0 8.0 -999.9
ACBB_Mons 2012 4 14 105 3.4 12.8 18.3 2.4 0.0 2.2 8.0 -999.9
ACBB_Mons 2012 4 15 106 3.5 9.8 12.5 2.4 0.0 3.5 6.6 -999.9
ACBB_Mons 2012 4 16 107 1.2 10.5 16.6 2.4 0.0 2.2 5.7 -999.9
ACBB_Mons 2012 4 17 108 -1.3 8.7 7.3 1.2 4.0 3.5 7.1 -999.9
ACBB_Mons 2012 4 18 109 4.1 11.2 10.7 1.9 2.5 4.2 8.8 -999.9
ACBB_Mons 2012 4 19 110 4.5 13.7 15.2 2.7 0.0 3.3 8.2 -999.9
ACBB_Mons 2012 4 20 111 3.8 11.7 12.1 1.8 5.0 2.4 8.8 -999.9
ACBB_Mons 2012 4 21 112 5.1 12.6 16.7 2.7 0.5 3.1 8.3 -999.9
ACBB_Mons 2012 4 22 113 3.7 12.1 15.8 2.3 2.5 2.7 8.5 -999.9
ACBB_Mons 2012 4 23 114 3.3 10.4 10.9 1.7 6.0 3.6 8.6 -999.9
ACBB_Mons 2012 4 24 115 5.5 11.8 10.9 1.8 3.0 2.1 9.0 -999.9
ACBB_Mons 2012 4 25 116 2.5 12.2 6.9 1.3 2.0 4.9 9.4 -999.9
ACBB_Mons 2012 4 26 117 8.4 15.3 12.5 2.8 8.5 4.2 10.5 -999.9
ACBB_Mons 2012 4 27 118 9.5 14.5 13.2 2.5 4.5 2.5 10.7 -999.9
ACBB_Mons 2012 4 28 119 9.8 16.0 3.5 0.9 2.5 2.4 13.1 -999.9
ACBB_Mons 2012 4 29 120 12.5 17.5 13.3 3.3 1.5 3.6 12.0 -999.9
ACBB_Mons 2012 4 30 121 7.3 18.8 14.5 2.6 3.5 2.0 11.6 -999.9
ACBB_Mons 2012 5 1 122 9.4 18.2 19.7 3.1 0.5 1.5 12.3 -999.9
ACBB_Mons 2012 5 2 123 8.8 12.0 4.7 0.9 7.5 1.7 11.4 -999.9
ACBB_Mons 2012 5 3 124 9.3 15.4 7.8 1.7 0.5 1.5 11.9 -999.9
ACBB_Mons 2012 5 4 125 4.4 15.6 14.7 1.9 6.5 1.2 11.9 -999.9
ACBB_Mons 2012 5 5 126 7.5 10.0 5.0 1.0 0.5 2.5 10.2 -999.9
ACBB_Mons 2012 5 6 127 6.9 10.2 4.9 1.0 0.5 1.6 9.7 -999.9
ACBB_Mons 2012 5 7 128 3.0 16.7 20.1 2.7 0.0 1.5 10.1 -999.9
ACBB_Mons 2012 5 8 129 9.7 19.1 11.9 2.4 1.0 2.3 13.4 -999.9
ACBB_Mons 2012 5 9 130 13.5 20.3 13.4 2.8 4.0 2.4 15.9 -999.9
ACBB_Mons 2012 5 10 131 13.8 24.9 12.1 3.1 0.0 2.8 17.5 -999.9
ACBB_Mons 2012 5 11 132 11.9 17.2 12.1 2.5 0.0 1.9 13.1 -999.9
ACBB_Mons 2012 5 12 133 6.8 15.0 19.8 3.3 0.0 1.9 8.7 -999.9
ACBB_Mons 2012 5 13 134 1.6 14.5 27.8 3.5 0.0 1.2 7.7 -999.9
ACBB_Mons 2012 5 14 135 1.6 18.1 27.8 3.8 0.5 1.7 8.8 -999.9
ACBB_Mons 2012 5 15 136 5.4 12.1 13.4 2.3 7.5 2.4 8.9 -999.9
ACBB_Mons 2012 5 16 137 3.1 14.0 25.1 3.5 0.5 1.6 7.3 -999.9
ACBB_Mons 2012 5 17 138 1.7 15.2 19.5 3.0 0.0 2.4 8.2 -999.9
ACBB_Mons 2012 5 18 139 8.5 16.3 10.6 2.3 0.0 2.4 11.3 -999.9
ACBB_Mons 2012 5 19 140 8.2 20.0 23.4 3.8 2.0 1.4 11.8 -999.9
ACBB_Mons 2012 5 20 141 10.2 22.2 15.5 3.1 0.5 2.0 14.4 -999.9
ACBB_Mons 2012 5 21 142 10.2 12.5 4.7 0.8 1.5 3.2 12.9 -999.9
ACBB_Mons 2012 5 22 143 10.5 18.8 7.0 1.8 0.0 2.8 14.5 -999.9
ACBB_Mons 2012 5 23 144 9.8 24.6 19.9 3.5 0.0 1.0 16.7 -999.9
ACBB_Mons 2012 5 24 145 12.6 27.2 25.6 4.8 0.0 1.6 18.5 -999.9
ACBB_Mons 2012 5 25 146 15.7 26.1 29.0 6.1 0.0 2.4 14.3 -999.9
ACBB_Mons 2012 5 26 147 10.8 25.8 29.5 5.7 0.0 2.0 11.7 -999.9
ACBB_Mons 2012 5 27 148 13.1 26.8 29.0 5.7 0.0 1.6 12.8 -999.9
ACBB_Mons 2012 5 28 149 10.9 26.3 23.9 4.6 0.0 1.4 14.7 -999.9
ACBB_Mons 2012 5 29 150 9.2 24.9 28.1 4.8 0.5 1.4 14.8 -999.9
ACBB_Mons 2012 5 30 151 11.1 23.5 23.1 4.1 0.0 0.9 14.9 -999.9
ACBB_Mons 2012 5 31 152 12.0 20.9 19.2 3.8 0.0 2.3 13.7 -999.9
ACBB_Mons 2012 6 1 153 13.2 21.2 13.0 2.8 0.0 1.1 14.9 -999.9
ACBB_Mons 2012 6 2 154 12.3 22.5 20.7 4.0 1.5 1.9 14.8 -999.9
ACBB_Mons 2012 6 3 155 14.3 18.3 12.4 2.9 0.5 2.8 14.4 -999.9
ACBB_Mons 2012 6 4 156 9.1 13.3 6.0 1.5 0.5 2.5 11.3 -999.9
ACBB_Mons 2012 6 5 157 1.5 16.4 22.0 3.0 15.0 1.6 9.7 -999.9
ACBB_Mons 2012 6 6 158 11.4 19.1 13.6 2.8 4.5 2.6 14.3 -999.9
ACBB_Mons 2012 6 7 159 12.5 20.8 12.7 2.8 12.5 2.3 15.7 -999.9
ACBB_Mons 2012 6 8 160 12.2 18.9 21.1 4.5 3.5 3.6 12.0 -999.9
ACBB_Mons 2012 6 9 161 7.7 17.2 20.9 3.7 0.0 2.8 10.6 -999.9
ACBB_Mons 2012 6 10 162 7.3 18.4 13.6 2.3 11.0 1.3 13.3 -999.9
ACBB_Mons 2012 6 11 163 12.6 17.7 10.5 2.3 3.0 1.9 14.1 -999.9
ACBB_Mons 2012 6 12 164 7.1 16.9 8.3 1.5 17.0 1.4 13.1 -999.9
ACBB_Mons 2012 6 13 165 9.5 15.3 10.7 2.1 0.5 1.4 11.5 -999.9
ACBB_Mons 2012 6 14 166 6.5 19.5 25.4 4.0 12.5 1.8 12.0 -999.9
ACBB_Mons 2012 6 15 167 13.2 20.0 10.5 2.5 9.0 2.3 15.6 -999.9
ACBB_Mons 2012 6 16 168 14.2 18.8 13.3 3.1 0.0 2.8 14.6 -999.9
ACBB_Mons 2012 6 17 169 9.9 21.0 22.9 4.1 14.0 1.9 13.0 -999.9
ACBB_Mons 2012 6 18 170 12.5 18.9 14.1 2.9 0.5 1.7 13.7 -999.9
ACBB_Mons 2012 6 19 171 7.3 19.0 16.5 2.7 0.0 0.8 12.8 -999.9
ACBB_Mons 2012 6 20 172 11.1 23.2 25.8 4.5 1.0 1.3 15.1 -999.9
ACBB_Mons 2012 6 21 173 14.7 23.2 11.5 2.9 6.5 2.5 17.5 -999.9
ACBB_Mons 2012 6 22 174 11.3 19.9 20.2 4.3 0.0 3.2 12.4 -999.9
ACBB_Mons 2012 6 23 175 11.0 19.8 22.1 4.0 0.0 1.7 12.5 -999.9
ACBB_Mons 2012 6 24 176 9.6 15.3 6.5 1.3 13.5 2.2 13.5 -999.9
ACBB_Mons 2012 6 25 177 9.5 21.4 21.2 3.8 0.0 1.6 13.6 -999.9
ACBB_Mons 2012 6 26 178 10.8 20.3 14.4 2.5 0.5 0.9 16.0 -999.9
ACBB_Mons 2012 6 27 179 15.8 24.8 13.9 2.9 0.0 1.2 20.5 -999.9
ACBB_Mons 2012 6 28 180 18.0 28.7 17.5 4.2 3.5 2.0 22.2 -999.9
ACBB_Mons 2012 6 29 181 15.0 21.3 14.4 3.2 0.5 1.8 16.0 -999.9
ACBB_Mons 2012 6 30 182 11.7 23.4 22.7 4.2 0.5 1.7 15.5 -999.9
ACBB_Mons 2012 7 1 183 12.1 19.4 25.0 4.6 0.0 2.2 12.5 -999.9
ACBB_Mons 2012 7 2 184 8.8 23.4 26.9 4.6 0.0 1.4 13.4 -999.9
ACBB_Mons 2012 7 3 185 12.1 22.0 14.8 2.8 0.0 1.2 16.9 -999.9
ACBB_Mons 2012 7 4 186 15.7 27.2 18.9 4.2 11.5 1.5 18.8 -999.9
ACBB_Mons 2012 7 5 187 15.1 24.3 16.2 3.3 4.5 1.0 18.8 -999.9
ACBB_Mons 2012 7 6 188 13.8 22.4 20.4 4.0 5.5 2.0 15.9 -999.9
ACBB_Mons 2012 7 7 189 12.7 22.3 18.8 3.6 9.5 2.2 16.7 -999.9
ACBB_Mons 2012 7 8 190 15.3 18.8 12.3 2.8 2.0 2.7 16.0 -999.9
ACBB_Mons 2012 7 9 191 9.8 20.3 13.9 2.5 0.5 1.1 15.2 -999.9
ACBB_Mons 2012 7 10 192 11.7 19.5 10.1 2.2 2.5 1.2 14.5 -999.9
ACBB_Mons 2012 7 11 193 11.9 17.8 14.4 2.9 19.5 2.4 13.7 -999.9
ACBB_Mons 2012 7 12 194 10.5 19.7 16.9 3.2 16.5 2.3 13.7 -999.9
ACBB_Mons 2012 7 13 195 12.4 18.1 12.1 2.4 11.5 2.2 15.1 -999.9
ACBB_Mons 2012 7 14 196 12.4 20.4 18.1 3.7 3.5 2.9 14.3 -999.9
ACBB_Mons 2012 7 15 197 11.8 18.4 13.4 2.9 8.0 2.2 13.0 -999.9
ACBB_Mons 2012 7 16 198 8.2 19.6 15.2 2.9 0.0 2.8 13.1 -999.9
ACBB_Mons 2012 7 17 199 14.6 23.1 16.9 3.8 0.0 2.4 15.7 -999.9
ACBB_Mons 2012 7 18 200 12.1 23.7 20.2 3.9 0.0 2.0 15.9 -999.9
ACBB_Mons 2012 7 19 201 14.1 21.5 16.2 3.9 0.0 2.6 13.4 -999.9
ACBB_Mons 2012 7 20 202 8.4 21.4 18.9 3.3 0.0 1.4 12.9 -999.9
ACBB_Mons 2012 7 21 203 11.1 21.1 18.8 3.5 0.5 1.3 12.8 -999.9
ACBB_Mons 2012 7 22 204 8.8 24.1 28.0 4.7 0.0 0.9 11.2 -999.9
ACBB_Mons 2012 7 23 205 10.1 26.6 28.1 5.0 0.0 1.2 12.4 -999.9
ACBB_Mons 2012 7 24 206 11.8 29.3 27.9 5.3 0.0 1.1 13.7 -999.9
ACBB_Mons 2012 7 25 207 13.7 30.5 27.0 5.4 0.0 1.1 14.0 -999.9
ACBB_Mons 2012 7 26 208 14.1 30.0 26.8 5.5 0.0 1.5 16.1 -999.9
ACBB_Mons 2012 7 27 209 16.7 29.3 16.7 4.1 2.5 1.9 19.6 -999.9
ACBB_Mons 2012 7 28 210 18.0 23.9 13.2 3.4 0.0 1.8 17.6 -999.9
ACBB_Mons 2012 7 29 211 9.6 21.0 20.8 4.1 2.5 3.0 11.9 -999.9
ACBB_Mons 2012 7 30 212 9.5 20.7 21.9 4.1 0.0 2.5 11.7 -999.9
ACBB_Mons 2012 7 31 213 11.0 23.5 14.2 3.4 0.0 2.5 13.7 -999.9
ACBB_Mons 2012 8 1 214 12.2 28.8 18.1 4.1 0.0 2.2 16.8 -999.9
ACBB_Mons 2012 8 2 215 14.3 24.3 20.0 4.5 0.0 2.5 14.4 -999.9
ACBB_Mons 2012 8 3 216 12.0 23.5 18.9 3.9 5.5 2.6 14.8 -999.9
ACBB_Mons 2012 8 4 217 12.3 24.0 19.3 4.0 1.0 2.6 15.0 -999.9
ACBB_Mons 2012 8 5 218 11.9 23.6 16.8 3.4 1.0 2.4 15.6 -999.9
ACBB_Mons 2012 8 6 219 13.4 21.7 15.4 3.7 0.5 3.8 14.5 -999.9
ACBB_Mons 2012 8 7 220 11.6 21.0 17.2 3.5 0.0 2.3 12.8 -999.9
ACBB_Mons 2012 8 8 221 11.2 24.0 14.9 3.0 0.0 1.5 15.0 -999.9
ACBB_Mons 2012 8 9 222 14.8 25.2 21.5 4.4 0.0 1.8 14.9 -999.9
ACBB_Mons 2012 8 10 223 11.8 24.6 25.5 4.9 0.0 2.3 12.0 -999.9
ACBB_Mons 2012 8 11 224 11.4 25.7 25.2 5.0 0.0 2.6 12.5 -999.9
ACBB_Mons 2012 8 12 225 13.2 27.7 23.3 4.9 0.0 2.4 15.4 -999.9
ACBB_Mons 2012 8 13 226 13.0 26.5 16.6 3.6 0.0 1.8 15.8 -999.9
ACBB_Mons 2012 8 14 227 13.3 24.6 13.0 2.9 0.0 1.7 16.4 -999.9
ACBB_Mons 2012 8 15 228 17.4 29.5 15.6 5.2 0.0 3.9 16.4 -999.9
ACBB_Mons 2012 8 16 229 10.5 26.0 18.5 3.9 0.0 2.4 13.6 -999.9
ACBB_Mons 2012 8 17 230 16.3 31.1 22.7 6.0 0.0 3.2 14.2 -999.9
ACBB_Mons 2012 8 18 231 18.3 35.9 23.2 6.5 0.0 3.0 16.9 -999.9
ACBB_Mons 2012 8 19 232 16.1 35.3 19.9 5.1 0.0 2.1 19.4 -999.9
ACBB_Mons 2012 8 20 233 14.6 26.9 13.0 2.9 1.0 1.5 18.4 -999.9
ACBB_Mons 2012 8 21 234 16.3 28.5 19.7 4.5 0.0 2.2 16.7 -999.9
ACBB_Mons 2012 8 22 235 13.3 23.2 19.8 4.1 0.0 2.4 13.0 -999.9
ACBB_Mons 2012 8 23 236 7.3 24.5 21.9 3.5 0.5 1.2 12.3 -999.9
ACBB_Mons 2012 8 24 237 13.5 23.7 13.1 3.1 2.5 2.4 15.2 -999.9
ACBB_Mons 2012 8 25 238 14.5 23.9 18.8 5.5 2.5 6.4 14.2 -999.9
ACBB_Mons 2012 8 26 239 14.5 21.2 17.9 4.1 0.0 3.9 13.5 -999.9
ACBB_Mons 2012 8 27 240 10.2 26.0 21.2 4.4 0.0 3.0 12.1 -999.9
ACBB_Mons 2012 8 28 241 15.5 24.4 14.6 3.8 0.0 2.5 13.7 -999.9
ACBB_Mons 2012 8 29 242 9.7 26.4 19.8 4.2 0.0 3.1 12.7 -999.9
ACBB_Mons 2012 8 30 243 10.8 22.8 15.1 3.6 0.5 3.8 12.9 -999.9
ACBB_Mons 2012 8 31 244 11.2 18.3 17.5 4.2 0.0 4.7 10.0 -999.9
ACBB_Mons 2012 9 1 245 4.5 20.9 21.6 3.0 0.0 1.1 8.9 -999.9
ACBB_Mons 2012 9 2 246 9.2 22.6 13.1 2.5 0.0 1.8 13.5 -999.9
ACBB_Mons 2012 9 3 247 15.2 22.1 8.4 2.1 0.5 1.5 16.2 -999.9
ACBB_Mons 2012 9 4 248 11.9 25.3 18.9 3.5 0.0 1.9 14.4 -999.9
ACBB_Mons 2012 9 5 249 14.1 22.0 11.2 2.7 0.0 2.3 14.6 -999.9
ACBB_Mons 2012 9 6 250 9.2 20.9 20.4 3.2 0.0 1.8 10.5 -999.9
ACBB_Mons 2012 9 7 251 5.1 25.5 20.2 3.0 0.0 1.0 10.0 -999.9
ACBB_Mons 2012 9 8 252 6.2 28.4 19.9 3.0 0.0 0.6 8.9 -999.9
ACBB_Mons 2012 9 9 253 9.7 30.0 19.5 3.9 0.5 1.9 10.8 -999.9
ACBB_Mons 2012 9 10 254 11.8 26.3 16.5 3.3 0.0 2.4 15.4 -999.9
ACBB_Mons 2012 9 11 255 14.7 18.3 5.3 1.9 3.5 2.7 14.3 -999.9
ACBB_Mons 2012 9 12 256 9.8 18.0 12.6 2.6 5.0 3.0 10.8 -999.9
ACBB_Mons 2012 9 13 257 10.2 17.8 10.6 2.1 0.0 2.4 11.9 -999.9
ACBB_Mons 2012 9 14 258 7.0 17.6 5.2 1.1 0.0 3.8 13.3 -999.9
ACBB_Mons 2012 9 15 259 11.1 20.9 16.7 2.5 0.0 1.1 11.9 -999.9
ACBB_Mons 2012 9 16 260 6.8 23.2 17.3 2.5 0.0 1.7 12.3 -999.9
ACBB_Mons 2012 9 17 261 7.9 18.8 7.3 1.2 0.0 1.4 14.0 -999.9
ACBB_Mons 2012 9 18 262 11.1 17.6 8.1 1.9 0.5 2.1 12.1 -999.9
ACBB_Mons 2012 9 19 263 5.1 16.6 15.5 2.2 0.0 1.8 8.1 -999.9
ACBB_Mons 2012 9 20 264 2.7 17.2 11.9 1.8 0.0 1.4 7.9 -999.9
ACBB_Mons 2012 9 21 265 5.8 18.2 8.9 1.7 0.0 1.4 9.4 -999.9
ACBB_Mons 2012 9 22 266 5.7 17.7 14.2 2.1 0.0 2.0 9.0 -999.9
ACBB_Mons 2012 9 23 267 10.5 19.2 8.4 2.5 5.5 3.8 11.7 -999.9
ACBB_Mons 2012 9 24 268 13.5 18.4 7.0 2.4 3.0 6.6 14.8 -999.9
ACBB_Mons 2012 9 25 269 11.3 16.1 9.1 2.3 0.0 5.5 12.3 -999.9
ACBB_Mons 2012 9 26 270 11.6 16.0 8.0 2.1 0.5 5.1 12.5 -999.9
ACBB_Mons 2012 9 27 271 11.7 17.5 10.4 2.0 0.5 2.9 12.5 -999.9
ACBB_Mons 2012 9 28 272 7.6 17.9 13.2 2.0 0.0 2.8 10.7 -999.9
ACBB_Mons 2012 9 29 273 8.5 17.8 12.8 1.9 0.0 1.9 10.5 -999.9
ACBB_Mons 2012 9 30 274 1.1 17.6 14.8 1.4 0.0 1.1 8.7 -999.9
ACBB_Mons 2012 10 1 275 3.6 20.3 12.7 2.0 2.0 3.2 10.1 -999.9
ACBB_Mons 2012 10 2 276 12.1 17.8 9.0 1.9 1.5 3.4 13.1 -999.9
ACBB_Mons 2012 10 3 277 12.0 16.1 3.6 1.4 13.5 5.0 13.7 -999.9
ACBB_Mons 2012 10 4 278 9.7 16.0 9.4 1.6 3.0 3.6 11.9 -999.9
ACBB_Mons 2012 10 5 279 8.4 19.7 4.2 0.8 0.0 5.5 15.5 -999.9
ACBB_Mons 2012 10 6 280 11.2 15.0 1.9 0.5 17.5 3.5 13.9 -999.9
ACBB_Mons 2012 10 7 281 6.4 14.7 11.9 1.2 0.5 1.6 10.2 -999.9
ACBB_Mons 2012 10 8 282 7.2 14.1 3.5 0.7 4.5 2.7 12.0 -999.9
ACBB_Mons 2012 10 9 283 10.9 14.6 9.9 1.2 0.5 2.1 12.1 -999.9
ACBB_Mons 2012 10 10 284 9.5 14.5 11.3 1.5 0.0 2.2 9.9 -999.9
ACBB_Mons 2012 10 11 285 7.8 15.4 5.5 0.6 5.0 3.5 13.6 -999.9
ACBB_Mons 2012 10 12 286 9.8 14.5 9.5 1.7 0.5 4.4 11.1 -999.9
ACBB_Mons 2012 10 13 287 7.0 10.7 3.1 0.8 5.0 3.8 10.2 -999.9
ACBB_Mons 2012 10 14 288 2.8 9.0 4.9 0.4 3.5 1.4 9.0 -999.9
ACBB_Mons 2012 10 15 289 3.9 13.2 10.0 0.9 1.0 3.6 9.6 -999.9
ACBB_Mons 2012 10 16 290 7.8 14.4 7.6 1.3 2.0 4.2 10.8 -999.9
ACBB_Mons 2012 10 17 291 6.6 14.6 2.4 0.2 4.0 4.2 13.1 -999.9
ACBB_Mons 2012 10 18 292 12.8 19.1 3.8 1.0 0.5 2.5 15.4 -999.9
ACBB_Mons 2012 10 19 293 13.6 18.2 3.2 1.0 2.0 2.3 15.4 -999.9
ACBB_Mons 2012 10 20 294 13.3 14.4 2.2 0.4 2.5 1.7 15.2 -999.9
ACBB_Mons 2012 10 21 295 12.6 21.6 8.4 1.1 0.0 2.2 16.7 -999.9
ACBB_Mons 2012 10 22 296 14.6 23.5 9.3 1.2 0.0 1.2 16.6 -999.9
ACBB_Mons 2012 10 23 297 11.0 20.2 7.6 0.8 0.5 0.8 14.4 -999.9
ACBB_Mons 2012 10 24 298 8.4 13.3 5.9 0.6 0.0 1.6 11.4 -999.9
ACBB_Mons 2012 10 25 299 8.0 14.2 7.7 0.5 0.0 2.8 12.3 -999.9
ACBB_Mons 2012 10 26 300 4.7 8.5 2.0 0.7 0.0 4.2 8.5 -999.9
ACBB_Mons 2012 10 27 301 0.7 7.2 8.2 0.7 0.0 3.1 6.1 -999.9
ACBB_Mons 2012 10 28 302 -1.1 10.1 9.3 0.4 2.5 1.6 6.6 -999.9
ACBB_Mons 2012 10 29 303 4.5 9.1 3.7 0.5 2.5 3.7 9.1 -999.9
ACBB_Mons 2012 10 30 304 6.5 12.1 5.0 0.6 0.5 2.4 10.0 -999.9
ACBB_Mons 2012 10 31 305 4.7 11.5 8.7 0.6 0.0 2.9 8.6 -999.9
ACBB_Mons 2012 11 1 306 5.0 11.2 4.0 0.7 4.5 5.3 9.4 -999.9
ACBB_Mons 2012 11 2 307 3.8 8.8 2.6 0.7 7.0 4.5 8.4 -999.9
ACBB_Mons 2012 11 3 308 4.8 11.3 5.6 0.5 2.0 3.0 9.2 -999.9
ACBB_Mons 2012 11 4 309 3.6 11.3 4.2 0.7 2.5 4.3 8.8 -999.9
ACBB_Mons 2012 11 5 310 4.5 9.6 3.8 0.5 0.0 2.2 8.7 -999.9
ACBB_Mons 2012 11 6 311 1.2 10.0 6.2 0.2 0.0 2.0 7.9 -999.9
ACBB_Mons 2012 11 7 312 6.5 12.3 3.0 0.6 0.0 3.2 10.3 -999.9
ACBB_Mons 2012 11 8 313 7.9 10.2 3.2 0.7 0.0 2.9 9.4 -999.9
ACBB_Mons 2012 11 9 314 5.9 10.6 5.2 0.3 5.5 2.6 9.6 -999.9
ACBB_Mons 2012 11 10 315 7.5 12.3 3.0 0.3 5.0 3.6 11.7 -999.9
ACBB_Mons 2012 11 11 316 2.0 7.1 1.6 0.1 0.0 1.6 8.4 -999.9
ACBB_Mons 2012 11 12 317 1.0 7.8 2.8 0.0 1.5 2.9 8.7 -999.9
ACBB_Mons 2012 11 13 318 6.2 8.4 2.1 0.2 0.0 2.4 10.1 -999.9
ACBB_Mons 2012 11 14 319 2.7 6.6 3.4 0.1 0.5 2.4 8.0 -999.9
ACBB_Mons 2012 11 15 320 4.0 5.4 1.2 0.2 0.0 1.6 7.6 -999.9
ACBB_Mons 2012 11 16 321 2.1 4.8 2.4 0.3 0.0 2.5 7.1 -999.9
ACBB_Mons 2012 11 17 322 0.8 8.6 1.6 0.0 7.0 2.5 9.7 -999.9
ACBB_Mons 2012 11 18 323 5.3 9.1 2.5 0.1 3.0 1.5 9.9 -999.9
ACBB_Mons 2012 11 19 324 3.6 10.5 1.8 0.0 0.0 2.0 10.6 -999.9
ACBB_Mons 2012 11 20 325 7.1 11.8 5.2 0.1 0.5 3.5 10.6 -999.9
ACBB_Mons 2012 11 21 326 3.7 10.3 1.5 0.5 1.5 4.6 9.1 -999.9
ACBB_Mons 2012 11 22 327 2.4 8.7 4.2 0.0 0.5 3.8 8.8 -999.9
ACBB_Mons 2012 11 23 328 5.3 8.4 1.0 0.0 9.0 2.9 10.0 -999.9
ACBB_Mons 2012 11 24 329 7.7 13.5 1.7 0.7 0.0 2.9 10.8 -999.9
ACBB_Mons 2012 11 25 330 7.4 10.8 5.4 0.6 0.5 6.2 9.3 -999.9
ACBB_Mons 2012 11 26 331 4.7 11.8 2.8 0.6 0.0 4.3 9.1 -999.9
ACBB_Mons 2012 11 27 332 6.1 8.7 2.1 0.4 0.0 2.4 9.0 -999.9
ACBB_Mons 2012 11 28 333 3.3 7.7 2.6 0.1 0.0 2.5 8.5 -999.9
ACBB_Mons 2012 11 29 334 3.5 6.8 3.3 0.3 0.5 3.1 7.4 -999.9
ACBB_Mons 2012 11 30 335 -0.2 3.8 2.0 0.0 0.5 1.4 6.8 -999.9
ACBB_Mons 2012 12 1 336 1.1 3.3 1.9 0.1 1.5 2.1 6.9 -999.9
ACBB_Mons 2012 12 2 337 -0.5 4.6 5.7 0.0 1.0 1.5 5.6 -999.9
ACBB_Mons 2012 12 3 338 -2.7 10.2 1.4 0.1 8.0 3.8 8.1 -999.9
ACBB_Mons 2012 12 4 339 1.6 6.6 3.2 0.0 0.0 3.2 7.5 -999.9
ACBB_Mons 2012 12 5 340 -0.6 3.2 1.3 0.1 1.5 2.5 6.6 -999.9
ACBB_Mons 2012 12 6 341 -0.5 2.7 4.3 0.0 1.5 2.7 5.7 -999.9
ACBB_Mons 2012 12 7 342 0.1 2.6 2.0 0.1 3.0 4.6 6.4 -999.9
ACBB_Mons 2012 12 8 343 -1.4 1.6 1.9 0.1 0.0 1.5 5.7 -999.9
ACBB_Mons 2012 12 9 344 -2.1 6.8 0.9 0.0 1.5 4.0 7.3 -999.9
ACBB_Mons 2012 12 10 345 2.1 5.5 2.9 0.2 0.0 2.8 6.7 -999.9
ACBB_Mons 2012 12 11 346 -1.4 2.6 4.8 0.0 0.0 1.3 5.3 -999.9
ACBB_Mons 2012 12 12 347 -5.3 0.6 5.8 0.0 0.0 1.6 4.5 -999.9
ACBB_Mons 2012 12 13 348 -4.2 2.8 1.8 0.2 0.0 3.3 5.3 -999.9
ACBB_Mons 2012 12 14 349 0.8 10.5 0.6 0.0 6.5 5.7 9.2 -999.9
ACBB_Mons 2012 12 15 350 5.9 10.2 3.2 0.3 2.5 5.5 9.5 -999.9
ACBB_Mons 2012 12 16 351 6.4 9.5 3.1 0.3 2.0 4.8 9.2 -999.9
ACBB_Mons 2012 12 17 352 5.7 9.0 2.3 0.3 4.0 4.0 9.0 -999.9
ACBB_Mons 2012 12 18 353 1.4 7.2 1.6 0.0 1.0 1.4 8.4 -999.9
ACBB_Mons 2012 12 19 354 3.8 7.2 2.8 0.0 3.5 2.6 8.6 -999.9
ACBB_Mons 2012 12 20 355 3.9 8.2 0.6 0.1 7.0 4.7 8.9 -999.9
ACBB_Mons 2012 12 21 356 6.3 9.1 1.9 0.1 0.0 3.0 9.9 -999.9
ACBB_Mons 2012 12 22 357 4.1 13.0 0.4 0.1 19.0 4.5 10.8 -999.9
ACBB_Mons 2012 12 23 358 10.0 13.6 0.7 0.4 6.0 5.6 12.8 -999.9
ACBB_Mons 2012 12 24 359 9.6 11.7 1.9 0.6 3.0 5.0 11.3 -999.9
ACBB_Mons 2012 12 25 360 8.6 11.5 3.2 0.8 1.0 6.2 10.0 -999.9
ACBB_Mons 2012 12 26 361 6.3 9.8 1.9 0.5 5.5 6.4 9.7 -999.9
ACBB_Mons 2012 12 27 362 7.2 10.0 1.6 0.7 6.0 4.9 9.4 -999.9
ACBB_Mons 2012 12 28 363 5.5 10.8 0.8 0.1 2.5 4.0 10.4 -999.9
ACBB_Mons 2012 12 29 364 8.2 12.3 3.3 0.6 0.0 5.7 10.3 -999.9
ACBB_Mons 2012 12 30 365 5.5 8.5 2.3 0.7 0.5 6.3 8.5 -999.9
ACBB_Mons 2012 12 31 366 6.9 9.9 1.1 0.7 6.5 6.7 9.7 -999.9
