ACBB_Mons 2019 1 1 1 6.8 8.3 1.3 0.4 0.0 2.6 9.1 -999.9
ACBB_Mons 2019 1 2 2 4.2 6.5 2.3 0.4 0.0 2.6 7.2 -999.9
ACBB_Mons 2019 1 3 3 3.4 5.7 2.0 0.2 0.0 1.8 7.2 -999.9
ACBB_Mons 2019 1 4 4 0.1 5.0 2.5 0.0 0.0 1.8 6.8 -999.9
ACBB_Mons 2019 1 5 5 1.6 5.1 0.7 0.1 0.0 2.8 7.2 -999.9
ACBB_Mons 2019 1 6 6 3.0 5.3 0.7 0.1 0.0 1.6 7.5 -999.9
ACBB_Mons 2019 1 7 7 4.4 8.8 1.0 0.1 1.0 2.6 9.5 -999.9
ACBB_Mons 2019 1 8 8 5.6 8.5 3.5 0.6 1.5 4.7 8.0 -999.9
ACBB_Mons 2019 1 9 9 2.9 5.9 3.1 0.4 0.5 4.0 6.8 -999.9
ACBB_Mons 2019 1 10 10 0.3 4.3 1.6 0.3 1.0 1.3 6.2 -999.9
ACBB_Mons 2019 1 11 11 1.9 8.6 2.2 0.1 1.0 2.3 8.6 -999.9
ACBB_Mons 2019 1 12 12 4.7 8.9 1.1 0.3 0.5 3.6 9.1 -999.9
ACBB_Mons 2019 1 13 13 7.2 10.7 1.2 0.5 2.0 5.9 10.5 -999.9
ACBB_Mons 2019 1 14 14 5.5 8.3 3.4 0.5 0.0 3.0 7.7 -999.9
ACBB_Mons 2019 1 15 15 2.2 6.9 1.1 0.1 0.0 2.7 8.0 -999.9
ACBB_Mons 2019 1 16 16 3.8 6.4 3.5 0.4 1.0 4.6 7.5 -999.9
ACBB_Mons 2019 1 17 17 1.5 6.0 3.0 0.4 1.0 3.9 6.9 -999.9
ACBB_Mons 2019 1 18 18 -1.0 3.3 4.0 0.0 0.0 2.1 5.8 -999.9
ACBB_Mons 2019 1 19 19 -2.7 2.2 7.1 0.0 0.0 3.9 5.3 -999.9
ACBB_Mons 2019 1 20 20 -0.1 2.9 4.0 0.2 0.0 2.0 5.5 -999.9
ACBB_Mons 2019 1 21 21 -4.5 3.5 8.1 0.0 0.0 1.3 4.6 -999.9
ACBB_Mons 2019 1 22 22 -2.9 0.4 1.8 0.1 4.5 4.1 5.6 -999.9
ACBB_Mons 2019 1 23 23 -2.1 0.6 2.6 0.0 0.0 1.8 5.8 -999.9
ACBB_Mons 2019 1 24 24 -3.4 0.7 4.0 0.0 1.0 1.7 5.4 -999.9
ACBB_Mons 2019 1 25 25 -0.3 3.8 3.1 0.1 0.5 2.0 6.5 -999.9
ACBB_Mons 2019 1 26 26 1.2 8.0 2.2 0.0 1.5 4.3 8.9 -999.9
ACBB_Mons 2019 1 27 27 3.2 6.8 2.0 0.7 1.5 5.8 7.7 -999.9
ACBB_Mons 2019 1 28 28 1.8 4.5 2.8 0.7 0.0 4.2 6.1 -999.9
ACBB_Mons 2019 1 29 29 -2.4 3.2 4.1 0.2 6.5 3.0 5.6 -999.9
ACBB_Mons 2019 1 30 30 -2.1 2.3 6.0 0.0 2.0 2.3 5.9 -999.9
ACBB_Mons 2019 1 31 31 -2.1 1.9 3.3 0.3 1.5 4.1 5.6 -999.9
ACBB_Mons 2019 2 1 32 0.0 4.1 2.9 0.0 14.5 2.3 7.3 -999.9
ACBB_Mons 2019 2 2 33 1.3 4.4 1.9 0.4 0.5 4.9 6.9 -999.9
ACBB_Mons 2019 2 3 34 1.2 5.2 4.4 0.4 0.5 3.0 6.4 -999.9
ACBB_Mons 2019 2 4 35 -0.6 2.5 1.5 0.3 1.5 4.1 5.9 -999.9
ACBB_Mons 2019 2 5 36 1.5 5.5 3.8 0.3 0.0 2.0 6.8 -999.9
ACBB_Mons 2019 2 6 37 0.6 9.7 1.9 0.0 8.0 3.9 9.2 -999.9
ACBB_Mons 2019 2 7 38 6.0 10.0 6.4 0.9 1.0 5.5 8.7 -999.9
ACBB_Mons 2019 2 8 39 4.9 9.7 2.5 0.7 6.5 6.9 9.4 -999.9
ACBB_Mons 2019 2 9 40 6.5 10.6 4.9 1.3 4.5 6.1 8.7 -999.9
ACBB_Mons 2019 2 10 41 5.5 10.1 2.5 1.2 7.5 6.9 9.0 -999.9
ACBB_Mons 2019 2 11 42 2.1 8.5 5.7 0.5 0.0 2.2 7.3 -999.9
ACBB_Mons 2019 2 12 43 -0.8 8.5 6.8 0.3 0.0 1.2 6.7 -999.9
ACBB_Mons 2019 2 13 44 -1.6 5.9 6.8 0.2 0.0 2.0 6.5 -999.9
ACBB_Mons 2019 2 14 45 0.3 10.5 9.2 0.5 0.0 2.5 7.2 -999.9
ACBB_Mons 2019 2 15 46 2.3 13.1 9.9 0.9 0.0 2.9 7.6 -999.9
ACBB_Mons 2019 2 16 47 0.7 13.9 9.4 0.6 0.0 1.9 7.8 -999.9
ACBB_Mons 2019 2 17 48 2.3 15.5 10.0 1.2 0.0 2.9 7.4 -999.9
ACBB_Mons 2019 2 18 49 1.6 14.1 9.4 0.8 0.0 2.1 7.9 -999.9
ACBB_Mons 2019 2 19 50 3.0 11.0 8.7 0.6 0.0 1.6 8.2 -999.9
ACBB_Mons 2019 2 20 51 -0.3 11.6 7.5 0.5 0.0 1.7 8.2 -999.9
ACBB_Mons 2019 2 21 52 3.4 13.8 9.6 0.6 0.0 1.1 9.2 -999.9
ACBB_Mons 2019 2 22 53 1.6 14.1 9.8 0.5 0.0 1.5 9.5 -999.9
ACBB_Mons 2019 2 23 54 5.8 14.1 11.5 1.4 0.0 2.9 8.0 -999.9
ACBB_Mons 2019 2 24 55 1.5 13.5 11.5 1.3 0.0 2.1 5.5 -999.9
ACBB_Mons 2019 2 25 56 4.0 17.0 11.7 1.6 0.0 2.1 6.6 -999.9
ACBB_Mons 2019 2 26 57 5.8 18.6 12.2 1.5 0.0 1.9 8.3 -999.9
ACBB_Mons 2019 2 27 58 3.5 18.0 12.1 1.2 0.0 1.5 8.5 -999.9
ACBB_Mons 2019 2 28 59 2.8 13.4 4.8 0.8 11.5 3.2 9.7 -999.9
ACBB_Mons 2019 3 1 60 7.8 9.4 3.8 0.8 0.0 3.1 9.8 -999.9
ACBB_Mons 2019 3 2 61 7.0 11.7 3.5 1.0 0.5 4.0 10.1 -999.9
ACBB_Mons 2019 3 3 62 8.7 13.5 2.8 1.7 3.0 7.6 10.8 -999.9
ACBB_Mons 2019 3 4 63 4.6 10.4 7.1 1.8 4.5 7.4 8.2 -999.9
ACBB_Mons 2019 3 5 64 3.8 10.4 7.0 1.1 7.0 4.7 8.8 -999.9
ACBB_Mons 2019 3 6 65 7.0 11.9 2.3 1.0 21.0 5.0 9.9 -999.9
ACBB_Mons 2019 3 7 66 6.9 10.0 7.2 1.6 5.0 6.4 9.0 -999.9
ACBB_Mons 2019 3 8 67 5.6 11.3 8.1 1.5 0.5 4.9 8.8 -999.9
ACBB_Mons 2019 3 9 68 7.7 12.4 4.8 1.5 7.5 5.2 10.0 -999.9
ACBB_Mons 2019 3 10 69 7.3 12.8 11.5 3.1 1.5 8.7 8.9 -999.9
ACBB_Mons 2019 3 11 70 3.3 8.8 12.6 1.9 0.0 5.0 6.6 -999.9
ACBB_Mons 2019 3 12 71 2.9 11.0 9.3 2.1 3.0 6.4 7.2 -999.9
ACBB_Mons 2019 3 13 72 4.0 9.8 6.6 1.8 2.0 7.2 7.9 -999.9
ACBB_Mons 2019 3 14 73 5.7 12.6 3.4 1.3 13.0 6.3 9.8 -999.9
ACBB_Mons 2019 3 15 74 7.2 11.9 2.2 0.3 3.0 6.9 11.8 -999.9
ACBB_Mons 2019 3 16 75 9.2 13.4 7.4 2.5 1.5 6.9 10.0 -999.9
ACBB_Mons 2019 3 17 76 4.8 8.9 10.6 1.8 5.0 5.7 7.8 -999.9
ACBB_Mons 2019 3 18 77 1.2 10.4 13.0 1.3 0.0 2.5 7.6 -999.9
ACBB_Mons 2019 3 19 78 -0.5 12.1 11.1 1.1 0.0 1.1 7.7 -999.9
ACBB_Mons 2019 3 20 79 6.0 14.3 11.2 1.4 0.0 0.6 8.8 -999.9
ACBB_Mons 2019 3 21 80 2.5 14.9 17.3 1.5 0.0 1.2 9.7 -999.9
ACBB_Mons 2019 3 22 81 3.2 16.1 18.5 1.9 0.0 1.2 8.9 -999.9
ACBB_Mons 2019 3 23 82 5.3 11.1 7.8 1.0 0.0 1.7 9.8 -999.9
ACBB_Mons 2019 3 24 83 6.4 12.0 11.6 1.8 0.0 2.1 8.0 -999.9
ACBB_Mons 2019 3 25 84 1.9 10.3 14.9 2.0 0.0 4.2 7.1 -999.9
ACBB_Mons 2019 3 26 85 3.5 12.1 15.7 2.0 0.0 2.0 7.2 -999.9
ACBB_Mons 2019 3 27 86 4.0 12.8 11.8 1.6 0.0 1.2 7.8 -999.9
ACBB_Mons 2019 3 28 87 7.5 12.4 9.9 1.8 0.0 1.7 8.3 -999.9
ACBB_Mons 2019 3 29 88 4.1 18.4 20.1 2.8 0.0 2.5 8.6 -999.9
ACBB_Mons 2019 3 30 89 3.4 19.9 19.3 2.5 0.0 1.3 8.2 -999.9
ACBB_Mons 2019 3 31 90 4.4 17.4 19.5 2.8 0.0 3.5 9.3 -999.9
ACBB_Mons 2019 4 1 91 4.9 19.6 20.0 3.2 0.0 3.0 8.9 -999.9
ACBB_Mons 2019 4 2 92 7.7 17.4 11.1 2.8 2.0 3.7 9.3 -999.9
ACBB_Mons 2019 4 3 93 2.6 9.5 15.6 2.0 2.5 2.8 7.1 -999.9
ACBB_Mons 2019 4 4 94 -0.8 12.0 19.8 2.3 0.0 2.3 6.1 -999.9
ACBB_Mons 2019 4 5 95 1.7 13.1 18.6 2.6 0.0 3.1 7.0 -999.9
ACBB_Mons 2019 4 6 96 4.1 15.5 19.1 2.8 0.0 3.0 8.2 -999.9
ACBB_Mons 2019 4 7 97 4.2 14.5 10.9 1.6 0.0 2.1 10.2 -999.9
ACBB_Mons 2019 4 8 98 8.9 14.5 8.8 1.6 0.5 1.6 11.3 -999.9
ACBB_Mons 2019 4 9 99 10.0 12.6 5.8 1.1 8.0 1.9 12.2 -999.9
ACBB_Mons 2019 4 10 100 6.2 13.5 13.9 2.4 0.5 3.0 8.8 -999.9
ACBB_Mons 2019 4 11 101 1.5 11.8 23.7 3.0 0.0 2.8 6.1 -999.9
ACBB_Mons 2019 4 12 102 1.2 10.2 20.8 2.8 0.0 2.7 5.2 -999.9
ACBB_Mons 2019 4 13 103 -0.8 9.3 22.0 2.7 0.0 2.5 4.9 -999.9
ACBB_Mons 2019 4 14 104 -1.2 8.2 16.2 1.9 0.0 2.0 5.7 -999.9
ACBB_Mons 2019 4 15 105 1.3 16.1 23.4 3.4 0.0 3.5 7.3 -999.9
ACBB_Mons 2019 4 16 106 7.6 14.9 13.2 2.4 1.0 2.3 9.7 -999.9
ACBB_Mons 2019 4 17 107 8.0 17.6 16.7 2.7 0.0 1.9 10.8 -999.9
ACBB_Mons 2019 4 18 108 8.5 22.6 24.0 4.7 0.0 3.3 8.8 -999.9
ACBB_Mons 2019 4 19 109 8.6 24.0 24.1 4.4 0.0 2.4 9.8 -999.9
ACBB_Mons 2019 4 20 110 8.9 25.3 24.8 4.8 0.0 2.6 9.3 -999.9
ACBB_Mons 2019 4 21 111 8.0 25.1 24.2 4.2 0.0 1.7 9.6 -999.9
ACBB_Mons 2019 4 22 112 10.3 24.3 21.9 4.3 0.0 2.0 9.5 -999.9
ACBB_Mons 2019 4 23 113 11.1 18.8 12.2 3.0 0.0 2.3 10.4 -999.9
ACBB_Mons 2019 4 24 114 11.2 20.8 14.8 4.0 1.0 4.4 11.4 -999.9
ACBB_Mons 2019 4 25 115 7.8 14.1 8.8 2.1 5.0 4.1 10.6 -999.9
ACBB_Mons 2019 4 26 116 4.2 17.1 19.6 2.9 2.0 2.7 10.0 -999.9
ACBB_Mons 2019 4 27 117 8.0 12.8 20.4 4.1 2.5 6.0 8.6 -999.9
ACBB_Mons 2019 4 28 118 5.9 11.9 9.8 1.8 4.5 2.8 9.4 -999.9
ACBB_Mons 2019 4 29 119 2.5 15.5 20.5 2.6 0.0 1.1 9.5 -999.9
ACBB_Mons 2019 4 30 120 6.1 13.9 11.6 1.9 0.0 1.9 10.2 -999.9
ACBB_Mons 2019 5 1 121 5.7 16.4 21.1 3.0 0.0 1.7 10.3 -999.9
ACBB_Mons 2019 5 2 122 6.5 14.2 9.3 1.6 2.0 2.0 11.3 -999.9
ACBB_Mons 2019 5 3 123 6.8 14.8 14.2 2.3 5.5 1.7 10.1 -999.9
ACBB_Mons 2019 5 4 124 3.5 10.2 17.9 2.7 1.5 3.7 7.6 -999.9
ACBB_Mons 2019 5 5 125 2.1 11.9 21.7 3.1 0.0 3.0 7.2 -999.9
ACBB_Mons 2019 5 6 126 -0.4 11.8 11.5 1.7 0.0 1.7 7.4 -999.9
ACBB_Mons 2019 5 7 127 4.0 14.9 19.8 3.1 2.0 2.0 7.9 -999.9
ACBB_Mons 2019 5 8 128 8.2 15.2 8.1 2.1 3.5 3.5 11.0 -999.9
ACBB_Mons 2019 5 9 129 7.0 15.7 12.6 2.5 1.5 3.3 10.8 -999.9
ACBB_Mons 2019 5 10 130 3.0 16.6 21.2 2.9 9.0 1.8 9.9 -999.9
ACBB_Mons 2019 5 11 131 9.1 15.9 18.7 3.7 0.0 3.5 10.0 -999.9
ACBB_Mons 2019 5 12 132 2.5 14.4 21.5 3.2 0.0 2.3 7.7 -999.9
ACBB_Mons 2019 5 13 133 4.3 16.2 29.7 4.9 0.0 3.6 7.1 -999.9
ACBB_Mons 2019 5 14 134 5.4 16.6 30.0 5.1 0.0 3.6 7.2 -999.9
ACBB_Mons 2019 5 15 135 5.3 18.1 29.8 5.0 0.0 2.7 6.9 -999.9
ACBB_Mons 2019 5 16 136 5.0 17.4 26.9 4.4 0.0 2.5 7.6 -999.9
ACBB_Mons 2019 5 17 137 6.4 17.6 22.8 3.6 0.0 2.2 10.4 -999.9
ACBB_Mons 2019 5 18 138 9.3 19.7 16.9 3.1 0.0 1.3 12.2 -999.9
ACBB_Mons 2019 5 19 139 10.1 14.7 8.6 1.7 2.5 2.5 13.0 -999.9
ACBB_Mons 2019 5 20 140 10.3 16.2 13.5 2.8 0.0 3.0 11.9 -999.9
ACBB_Mons 2019 5 21 141 7.3 20.2 26.5 4.4 0.0 2.4 11.0 -999.9
ACBB_Mons 2019 5 22 142 5.1 20.9 24.6 3.8 0.0 1.2 10.6 -999.9
ACBB_Mons 2019 5 23 143 5.9 23.1 25.7 4.1 0.0 0.9 11.3 -999.9
ACBB_Mons 2019 5 24 144 10.8 22.5 25.3 4.7 0.0 1.8 12.0 -999.9
ACBB_Mons 2019 5 25 145 11.1 19.8 16.5 3.1 7.0 1.6 13.6 -999.9
ACBB_Mons 2019 5 26 146 8.2 19.3 13.4 2.4 0.0 2.4 14.0 -999.9
ACBB_Mons 2019 5 27 147 13.3 19.3 24.0 4.9 1.5 3.3 12.3 -999.9
ACBB_Mons 2019 5 28 148 8.9 15.6 16.8 3.1 0.5 2.9 11.2 -999.9
ACBB_Mons 2019 5 29 149 5.8 19.2 23.2 3.6 0.0 1.6 11.5 -999.9
ACBB_Mons 2019 5 30 150 12.9 21.0 14.2 3.2 0.0 2.4 14.4 -999.9
ACBB_Mons 2019 5 31 151 8.5 22.4 22.0 3.8 0.0 1.2 13.5 -999.9
ACBB_Mons 2019 6 1 152 11.5 27.1 29.6 5.4 0.0 1.6 16.6 -999.9
ACBB_Mons 2019 6 2 153 14.2 30.3 30.2 6.6 0.0 2.6 16.6 -999.9
ACBB_Mons 2019 6 3 154 13.7 19.7 13.1 2.8 0.5 1.4 14.2 -999.9
ACBB_Mons 2019 6 4 155 11.4 26.4 16.4 3.8 2.0 2.8 16.6 -999.9
ACBB_Mons 2019 6 5 156 12.4 16.8 6.0 1.6 15.0 2.2 13.9 -999.9
ACBB_Mons 2019 6 6 157 9.7 18.6 21.6 3.8 0.5 2.1 12.3 -999.9
ACBB_Mons 2019 6 7 158 11.4 17.4 12.9 3.6 2.0 5.6 12.2 -999.9
ACBB_Mons 2019 6 8 159 11.6 18.8 23.6 5.4 0.0 4.9 11.1 -999.9
ACBB_Mons 2019 6 9 160 8.9 18.8 14.5 2.6 3.0 1.3 13.2 -999.9
ACBB_Mons 2019 6 10 161 11.7 19.3 16.3 3.2 2.5 1.7 13.6 -999.9
ACBB_Mons 2019 6 11 162 6.3 19.3 26.1 4.0 0.0 1.4 11.8 -999.9
ACBB_Mons 2019 6 12 163 9.2 18.7 15.3 2.8 4.5 1.8 12.9 -999.9
ACBB_Mons 2019 6 13 164 9.6 19.7 19.9 3.8 1.5 3.2 13.2 -999.9
ACBB_Mons 2019 6 14 165 9.6 22.5 24.6 4.1 0.5 1.3 15.0 -999.9
ACBB_Mons 2019 6 15 166 13.8 22.1 27.1 5.3 0.0 2.2 13.4 -999.9
ACBB_Mons 2019 6 16 167 10.6 22.1 22.1 4.1 0.0 2.1 14.4 -999.9
ACBB_Mons 2019 6 17 168 10.7 25.6 27.1 4.8 0.0 1.0 15.2 -999.9
ACBB_Mons 2019 6 18 169 12.4 27.3 26.1 5.2 0.0 1.8 16.8 -999.9
ACBB_Mons 2019 6 19 170 16.9 24.9 17.7 4.1 4.5 2.1 18.1 -999.9
ACBB_Mons 2019 6 20 171 13.1 20.2 21.5 4.2 0.0 2.2 13.9 -999.9
ACBB_Mons 2019 6 21 172 6.7 21.2 26.5 4.3 0.0 1.6 11.5 -999.9
ACBB_Mons 2019 6 22 173 9.5 23.5 28.7 5.0 0.0 1.8 13.5 -999.9
ACBB_Mons 2019 6 23 174 13.7 27.8 27.0 5.6 0.0 2.6 18.5 -999.9
ACBB_Mons 2019 6 24 175 17.8 30.6 25.9 5.9 0.0 2.1 21.6 -999.9
ACBB_Mons 2019 6 25 176 18.2 31.4 27.8 6.3 0.0 2.2 23.3 -999.9
ACBB_Mons 2019 6 26 177 17.0 27.7 27.8 6.1 0.0 3.0 20.4 -999.9
ACBB_Mons 2019 6 27 178 16.1 27.2 30.2 7.0 0.0 3.9 16.7 -999.9
ACBB_Mons 2019 6 28 179 13.7 28.5 30.5 6.4 0.0 2.7 16.3 -999.9
ACBB_Mons 2019 6 29 180 15.7 33.3 31.2 7.1 0.0 2.1 17.1 -999.9
ACBB_Mons 2019 6 30 181 17.6 25.6 25.9 5.8 0.0 2.5 16.4 -999.9
ACBB_Mons 2019 7 1 182 11.7 24.0 26.0 5.0 0.0 2.0 13.9 -999.9
ACBB_Mons 2019 7 2 183 7.8 24.0 26.5 4.7 0.0 1.7 12.6 -999.9
ACBB_Mons 2019 7 3 184 12.0 22.5 31.6 6.1 0.0 3.0 11.7 -999.9
ACBB_Mons 2019 7 4 185 10.1 25.1 31.3 5.8 0.0 2.1 11.9 -999.9
ACBB_Mons 2019 7 5 186 10.1 29.0 29.3 5.4 0.0 1.1 14.0 -999.9
ACBB_Mons 2019 7 6 187 11.5 27.8 22.0 4.7 0.0 1.5 14.0 -999.9
ACBB_Mons 2019 7 7 188 14.3 18.0 6.5 1.8 0.5 1.4 14.5 -999.9
ACBB_Mons 2019 7 8 189 8.6 21.9 26.7 4.8 0.0 2.1 10.8 -999.9
ACBB_Mons 2019 7 9 190 8.2 23.4 30.1 5.3 0.0 1.8 10.6 -999.9
ACBB_Mons 2019 7 10 191 11.3 26.8 23.9 4.6 0.0 1.0 13.0 -999.9
ACBB_Mons 2019 7 11 192 16.1 28.1 22.7 5.2 0.0 1.6 14.6 -999.9
ACBB_Mons 2019 7 12 193 12.2 25.1 22.1 4.8 0.0 3.0 15.2 -999.9
ACBB_Mons 2019 7 13 194 11.4 23.1 16.2 3.5 0.0 2.1 14.7 -999.9
ACBB_Mons 2019 7 14 195 11.0 21.9 13.1 3.1 0.0 2.1 13.2 -999.9
ACBB_Mons 2019 7 15 196 9.9 21.3 24.3 4.4 0.0 1.9 12.1 -999.9
ACBB_Mons 2019 7 16 197 8.8 23.8 25.5 4.4 0.0 1.2 11.9 -999.9
ACBB_Mons 2019 7 17 198 9.1 27.2 26.0 4.8 0.0 1.1 11.6 -999.9
ACBB_Mons 2019 7 18 199 11.3 25.7 16.9 3.7 0.5 2.0 15.4 -999.9
ACBB_Mons 2019 7 19 200 12.8 26.6 21.7 4.6 0.0 1.9 14.7 -999.9
ACBB_Mons 2019 7 20 201 14.5 27.9 19.3 4.8 1.5 2.8 16.5 -999.9
ACBB_Mons 2019 7 21 202 11.7 26.6 26.3 5.1 0.0 1.7 13.8 -999.9
ACBB_Mons 2019 7 22 203 11.2 30.5 26.9 5.2 0.0 1.1 14.3 -999.9
ACBB_Mons 2019 7 23 204 15.4 36.2 28.8 6.9 0.0 2.1 13.9 -999.9
ACBB_Mons 2019 7 24 205 18.7 36.2 26.6 6.9 0.0 2.2 16.7 -999.9
ACBB_Mons 2019 7 25 206 21.5 41.9 24.4 7.8 0.0 2.7 17.2 -999.9
ACBB_Mons 2019 7 26 207 22.7 32.9 25.1 7.6 30.5 3.6 18.0 -999.9
ACBB_Mons 2019 7 27 208 16.1 17.8 5.0 1.1 12.0 3.1 18.4 -999.9
ACBB_Mons 2019 7 28 209 15.7 23.5 20.0 4.5 0.0 2.9 15.8 -999.9
ACBB_Mons 2019 7 29 210 10.3 27.0 28.4 5.2 0.0 1.5 13.1 -999.9
ACBB_Mons 2019 7 30 211 12.9 26.3 22.2 5.2 0.0 3.6 14.4 -999.9
ACBB_Mons 2019 7 31 212 14.8 21.8 15.8 3.9 0.0 3.1 14.2 -999.9
ACBB_Mons 2019 8 1 213 14.2 25.4 23.0 4.7 0.0 1.8 14.8 -999.9
ACBB_Mons 2019 8 2 214 13.1 25.9 24.3 4.9 0.0 2.3 15.1 -999.9
ACBB_Mons 2019 8 3 215 12.8 24.3 15.7 3.3 0.0 1.7 15.9 -999.9
ACBB_Mons 2019 8 4 216 13.3 27.8 21.3 4.5 0.0 1.6 15.4 -999.9
ACBB_Mons 2019 8 5 217 15.0 27.8 19.6 4.8 0.5 3.1 16.7 -999.9
ACBB_Mons 2019 8 6 218 15.8 23.5 11.5 2.8 0.0 1.8 17.8 -999.9
ACBB_Mons 2019 8 7 219 14.2 25.4 20.7 4.5 0.0 2.4 15.4 -999.9
ACBB_Mons 2019 8 8 220 12.2 27.3 18.3 3.8 0.0 1.5 15.6 -999.9
ACBB_Mons 2019 8 9 221 20.5 23.9 9.0 3.1 6.5 3.9 20.5 -999.9
ACBB_Mons 2019 8 10 222 17.1 25.7 21.7 6.6 0.0 5.9 14.4 -999.9
ACBB_Mons 2019 8 11 223 12.0 20.9 12.8 3.0 0.0 2.6 13.5 -999.9
ACBB_Mons 2019 8 12 224 10.1 22.8 17.5 3.5 3.5 2.6 13.6 -999.9
ACBB_Mons 2019 8 13 225 8.6 18.4 15.1 2.5 5.0 2.3 13.4 -999.9
ACBB_Mons 2019 8 14 226 9.8 22.4 14.6 2.9 1.5 2.7 14.9 -999.9
ACBB_Mons 2019 8 15 227 15.9 21.7 17.3 4.2 1.5 4.5 15.8 -999.9
ACBB_Mons 2019 8 16 228 10.6 23.6 17.4 3.6 1.0 3.0 14.6 -999.9
ACBB_Mons 2019 8 17 229 16.2 19.5 4.1 1.1 21.0 3.4 18.6 -999.9
ACBB_Mons 2019 8 18 230 14.8 21.0 12.3 2.8 10.0 2.4 16.1 -999.9
ACBB_Mons 2019 8 19 231 10.5 22.3 21.9 4.0 0.0 2.7 13.3 -999.9
ACBB_Mons 2019 8 20 232 8.9 22.0 21.6 3.6 0.0 1.9 12.3 -999.9
ACBB_Mons 2019 8 21 233 6.9 22.9 23.7 3.5 0.0 0.8 11.5 -999.9
ACBB_Mons 2019 8 22 234 8.1 25.4 24.3 3.9 0.0 1.2 12.2 -999.9
ACBB_Mons 2019 8 23 235 9.9 28.1 23.5 4.2 0.0 1.4 13.4 -999.9
ACBB_Mons 2019 8 24 236 13.8 29.0 23.4 4.7 0.0 1.9 14.9 -999.9
ACBB_Mons 2019 8 25 237 13.5 31.5 23.5 4.4 0.0 0.8 15.8 -999.9
ACBB_Mons 2019 8 26 238 14.5 32.0 22.6 4.6 0.0 1.3 16.9 -999.9
ACBB_Mons 2019 8 27 239 16.4 32.8 19.5 4.6 0.0 1.7 17.9 -999.9
ACBB_Mons 2019 8 28 240 18.5 29.4 16.0 4.1 0.0 2.2 18.8 -999.9
ACBB_Mons 2019 8 29 241 18.4 23.0 14.8 3.8 0.0 2.2 14.3 -999.9
ACBB_Mons 2019 8 30 242 7.0 25.4 22.5 3.4 0.0 0.9 11.0 -999.9
ACBB_Mons 2019 8 31 243 11.6 30.5 19.0 4.7 0.0 3.1 13.8 -999.9
ACBB_Mons 2019 9 1 244 13.1 22.2 17.5 3.7 0.0 2.3 11.9 -999.9
ACBB_Mons 2019 9 2 245 6.9 22.0 21.7 3.2 0.0 1.4 10.1 -999.9
ACBB_Mons 2019 9 3 246 8.1 20.3 8.9 1.9 0.0 1.8 12.7 -999.9
ACBB_Mons 2019 9 4 247 7.9 21.8 13.2 2.7 0.0 3.2 12.6 -999.9
ACBB_Mons 2019 9 5 248 8.6 18.6 15.4 3.0 0.0 2.7 9.8 -999.9
ACBB_Mons 2019 9 6 249 2.4 21.0 17.6 2.6 0.5 2.4 10.4 -999.9
ACBB_Mons 2019 9 7 250 11.0 19.3 11.0 2.4 1.0 2.8 12.9 -999.9
ACBB_Mons 2019 9 8 251 8.8 18.2 15.2 2.7 1.0 2.5 10.8 -999.9
ACBB_Mons 2019 9 9 252 3.0 18.5 12.6 1.9 0.0 1.9 9.9 -999.9
ACBB_Mons 2019 9 10 253 10.9 22.3 18.8 3.2 0.0 1.5 10.2 -999.9
ACBB_Mons 2019 9 11 254 9.6 22.7 11.8 2.6 0.0 3.3 13.7 -999.9
ACBB_Mons 2019 9 12 255 16.7 22.8 10.2 2.5 1.0 2.8 18.1 -999.9
ACBB_Mons 2019 9 13 256 14.1 23.0 8.9 2.0 0.5 1.6 16.9 -999.9
ACBB_Mons 2019 9 14 257 10.9 24.2 19.4 3.3 0.0 2.0 12.7 -999.9
ACBB_Mons 2019 9 15 258 7.2 25.8 19.3 2.8 0.0 1.2 12.1 -999.9
ACBB_Mons 2019 9 16 259 8.1 24.3 15.4 2.4 0.0 2.2 15.2 -999.9
ACBB_Mons 2019 9 17 260 14.5 20.7 14.2 3.0 0.0 2.3 12.3 -999.9
ACBB_Mons 2019 9 18 261 7.0 19.0 18.2 2.8 0.0 2.6 9.3 -999.9
ACBB_Mons 2019 9 19 262 7.1 19.0 18.5 2.9 0.0 3.1 9.4 -999.9
ACBB_Mons 2019 9 20 263 7.0 22.8 18.6 3.6 0.0 3.3 7.8 -999.9
ACBB_Mons 2019 9 21 264 11.1 26.9 17.5 4.5 0.0 4.4 11.0 -999.9
ACBB_Mons 2019 9 22 265 15.0 24.4 9.4 3.1 6.0 4.0 15.5 -999.9
ACBB_Mons 2019 9 23 266 12.2 21.3 14.8 2.7 0.5 3.1 14.0 -999.9
ACBB_Mons 2019 9 24 267 14.2 17.0 2.6 0.8 10.5 3.4 15.9 -999.9
ACBB_Mons 2019 9 25 268 12.6 17.6 4.6 1.3 2.0 4.1 15.2 -999.9
ACBB_Mons 2019 9 26 269 14.0 19.7 4.5 1.5 5.5 4.8 16.8 -999.9
ACBB_Mons 2019 9 27 270 12.8 19.3 11.9 2.4 0.0 4.4 14.3 -999.9
ACBB_Mons 2019 9 28 271 12.7 18.6 8.8 2.5 0.0 5.0 13.3 -999.9
ACBB_Mons 2019 9 29 272 13.1 20.1 6.9 2.7 3.0 7.3 14.8 -999.9
ACBB_Mons 2019 9 30 273 11.0 18.6 8.4 1.7 0.0 3.7 14.0 -999.9
ACBB_Mons 2019 10 1 274 14.5 19.7 6.8 1.7 6.5 4.2 16.4 -999.9
ACBB_Mons 2019 10 2 275 9.1 14.8 12.3 2.0 0.0 3.1 9.9 -999.9
ACBB_Mons 2019 10 3 276 0.8 12.6 9.8 1.0 2.0 1.7 8.4 -999.9
ACBB_Mons 2019 10 4 277 7.9 17.7 9.7 1.4 0.0 4.5 13.1 -999.9
ACBB_Mons 2019 10 5 278 9.4 15.3 6.0 0.7 0.5 1.3 13.7 -999.9
ACBB_Mons 2019 10 6 279 12.8 17.2 7.4 1.8 2.0 4.4 13.6 -999.9
ACBB_Mons 2019 10 7 280 11.8 16.8 7.6 1.6 5.0 3.1 12.7 -999.9
ACBB_Mons 2019 10 8 281 12.1 15.4 5.2 1.0 2.0 3.6 14.2 -999.9
ACBB_Mons 2019 10 9 282 10.2 14.5 5.2 1.5 17.5 4.7 11.7 -999.9
ACBB_Mons 2019 10 10 283 9.5 16.7 11.0 1.6 0.0 3.7 11.9 -999.9
ACBB_Mons 2019 10 11 284 9.5 16.8 6.2 1.1 0.0 3.9 13.4 -999.9
ACBB_Mons 2019 10 12 285 11.6 18.2 8.3 1.2 1.0 3.2 14.9 -999.9
ACBB_Mons 2019 10 13 286 12.9 23.6 9.3 1.9 0.0 3.7 16.7 -999.9
ACBB_Mons 2019 10 14 287 12.2 22.4 8.4 1.6 1.0 3.3 15.8 -999.9
ACBB_Mons 2019 10 15 288 12.4 15.2 5.3 1.1 4.0 3.1 13.4 -999.9
ACBB_Mons 2019 10 16 289 10.2 14.6 2.2 0.3 16.0 5.2 14.3 -999.9
ACBB_Mons 2019 10 17 290 10.3 16.5 8.9 1.0 1.0 3.1 13.7 -999.9
ACBB_Mons 2019 10 18 291 10.8 15.2 10.0 1.7 2.0 5.0 11.6 -999.9
ACBB_Mons 2019 10 19 292 9.7 14.2 6.2 0.8 1.0 2.8 12.4 -999.9
ACBB_Mons 2019 10 20 293 9.3 12.7 2.9 0.6 11.0 2.4 12.3 -999.9
ACBB_Mons 2019 10 21 294 9.9 13.3 2.6 0.5 0.0 3.7 12.9 -999.9
ACBB_Mons 2019 10 22 295 8.8 15.1 5.7 0.7 0.0 1.3 12.2 -999.9
ACBB_Mons 2019 10 23 296 10.7 16.5 5.7 0.7 0.0 1.9 13.8 -999.9
ACBB_Mons 2019 10 24 297 11.3 17.6 7.3 1.1 0.0 3.7 13.8 -999.9
ACBB_Mons 2019 10 25 298 9.2 15.0 4.7 0.5 0.0 4.0 13.5 -999.9
ACBB_Mons 2019 10 26 299 11.9 18.6 9.0 1.3 10.5 4.3 14.0 -999.9
ACBB_Mons 2019 10 27 300 7.2 10.3 2.9 0.6 1.0 1.8 10.0 -999.9
ACBB_Mons 2019 10 28 301 2.2 12.2 8.7 0.4 0.0 1.8 8.7 -999.9
ACBB_Mons 2019 10 29 302 7.6 11.8 6.7 0.9 0.0 2.8 9.0 -999.9
ACBB_Mons 2019 10 30 303 6.1 9.8 3.8 0.8 0.0 2.3 8.3 -999.9
ACBB_Mons 2019 10 31 304 3.3 10.0 4.7 0.4 0.0 2.2 8.8 -999.9
ACBB_Mons 2019 11 1 305 7.7 15.5 1.6 0.2 11.5 3.4 13.6 -999.9
ACBB_Mons 2019 11 2 306 11.8 14.1 5.6 1.3 1.0 5.6 12.3 -999.9
ACBB_Mons 2019 11 3 307 9.2 13.6 3.3 0.6 11.0 3.1 12.1 -999.9
ACBB_Mons 2019 11 4 308 9.1 13.5 5.1 0.9 5.0 3.8 11.0 -999.9
ACBB_Mons 2019 11 5 309 6.3 12.7 5.4 0.4 0.5 1.8 10.2 -999.9
ACBB_Mons 2019 11 6 310 7.2 10.2 2.8 0.2 4.5 2.2 11.0 -999.9
ACBB_Mons 2019 11 7 311 4.9 10.4 4.8 0.5 4.5 3.6 9.3 -999.9
ACBB_Mons 2019 11 8 312 1.7 10.6 7.0 0.1 0.0 1.5 8.1 -999.9
ACBB_Mons 2019 11 9 313 3.2 9.1 5.6 0.3 0.0 2.1 8.1 -999.9
ACBB_Mons 2019 11 10 314 2.7 8.6 6.5 0.1 0.0 2.6 8.2 -999.9
ACBB_Mons 2019 11 11 315 4.5 8.3 1.9 0.5 8.5 3.7 8.6 -999.9
ACBB_Mons 2019 11 12 316 3.8 7.3 5.3 0.3 1.5 3.8 7.8 -999.9
ACBB_Mons 2019 11 13 317 3.5 9.1 4.5 0.2 4.0 2.7 8.7 -999.9
ACBB_Mons 2019 11 14 318 4.1 6.9 4.0 0.3 0.0 3.2 7.9 -999.9
ACBB_Mons 2019 11 15 319 1.3 4.9 0.7 0.0 7.5 2.9 7.5 -999.9
ACBB_Mons 2019 11 16 320 2.3 7.3 3.1 0.3 0.0 2.5 7.7 -999.9
ACBB_Mons 2019 11 17 321 1.8 7.6 6.0 0.0 0.0 1.5 7.4 -999.9
ACBB_Mons 2019 11 18 322 1.3 7.6 1.2 0.1 1.5 1.7 8.2 -999.9
ACBB_Mons 2019 11 19 323 -1.5 8.1 6.0 0.0 0.0 1.0 7.0 -999.9
ACBB_Mons 2019 11 20 324 -0.9 3.8 7.5 0.0 0.0 3.1 6.3 -999.9
ACBB_Mons 2019 11 21 325 0.2 7.3 5.2 0.0 0.0 3.4 7.7 -999.9
ACBB_Mons 2019 11 22 326 5.0 9.9 5.8 0.1 1.0 4.6 9.1 -999.9
ACBB_Mons 2019 11 23 327 6.9 9.8 2.4 0.8 0.0 4.1 9.0 -999.9
ACBB_Mons 2019 11 24 328 2.7 9.6 2.1 0.1 0.0 1.6 9.3 -999.9
ACBB_Mons 2019 11 25 329 3.9 11.6 3.7 0.0 0.5 2.9 10.4 -999.9
ACBB_Mons 2019 11 26 330 8.9 11.6 1.4 0.1 15.5 3.7 12.2 -999.9
ACBB_Mons 2019 11 27 331 9.4 11.2 1.8 0.7 2.5 5.8 11.2 -999.9
ACBB_Mons 2019 11 28 332 9.3 11.3 2.6 0.6 3.0 4.7 10.9 -999.9
ACBB_Mons 2019 11 29 333 5.0 9.7 3.5 0.1 0.0 1.5 8.5 -999.9
ACBB_Mons 2019 11 30 334 -1.8 6.7 5.2 0.0 0.0 2.2 6.6 -999.9
ACBB_Mons 2019 12 1 335 2.1 3.4 1.3 0.5 0.0 2.6 6.1 -999.9
ACBB_Mons 2019 12 2 336 -1.4 6.6 3.5 0.0 0.0 0.9 6.6 -999.9
ACBB_Mons 2019 12 3 337 -3.0 0.2 2.1 0.0 0.0 0.5 5.4 -999.9
ACBB_Mons 2019 12 4 338 -2.8 4.5 6.0 0.0 0.0 1.2 5.9 -999.9
ACBB_Mons 2019 12 5 339 -3.6 0.8 1.2 0.0 0.0 2.2 5.6 -999.9
ACBB_Mons 2019 12 6 340 0.0 9.6 0.9 0.1 4.5 5.1 8.5 -999.9
ACBB_Mons 2019 12 7 341 6.7 10.0 2.5 0.1 0.5 3.1 10.2 -999.9
ACBB_Mons 2019 12 8 342 8.4 11.2 2.3 0.9 11.0 5.8 10.0 -999.9
ACBB_Mons 2019 12 9 343 5.4 8.2 2.0 0.9 5.0 5.5 8.0 -999.9
ACBB_Mons 2019 12 10 344 -0.9 6.7 4.0 0.0 4.0 4.0 6.9 -999.9
ACBB_Mons 2019 12 11 345 5.1 7.5 2.2 0.1 2.5 2.8 8.9 -999.9
ACBB_Mons 2019 12 12 346 1.4 7.7 2.3 0.3 12.5 5.0 7.7 -999.9
ACBB_Mons 2019 12 13 347 5.1 9.6 1.6 1.0 4.5 6.2 8.3 -999.9
ACBB_Mons 2019 12 14 348 5.0 10.6 2.9 0.7 1.5 5.8 8.6 -999.9
ACBB_Mons 2019 12 15 349 5.5 8.5 3.6 0.2 0.0 4.5 8.6 -999.9
ACBB_Mons 2019 12 16 350 4.7 10.2 0.9 0.0 1.5 2.4 10.3 -999.9
ACBB_Mons 2019 12 17 351 7.0 15.0 2.9 0.4 1.0 3.4 10.7 -999.9
ACBB_Mons 2019 12 18 352 3.2 9.4 3.5 0.0 0.0 3.3 9.5 -999.9
ACBB_Mons 2019 12 19 353 7.6 12.7 1.2 0.6 9.0 4.5 10.9 -999.9
ACBB_Mons 2019 12 20 354 8.0 12.4 2.6 0.7 4.0 5.5 10.4 -999.9
ACBB_Mons 2019 12 21 355 6.3 9.7 2.9 0.3 4.0 5.2 9.4 -999.9
ACBB_Mons 2019 12 22 356 6.9 9.2 1.8 0.4 4.5 5.1 9.7 -999.9
ACBB_Mons 2019 12 23 357 6.3 10.5 3.3 0.2 4.0 3.9 9.5 -999.9
ACBB_Mons 2019 12 24 358 6.5 11.7 3.9 0.1 1.5 4.9 10.2 -999.9
ACBB_Mons 2019 12 25 359 5.6 9.1 3.3 0.1 0.0 2.3 8.6 -999.9
ACBB_Mons 2019 12 26 360 1.9 10.1 1.2 0.3 10.0 3.1 8.5 -999.9
ACBB_Mons 2019 12 27 361 7.3 8.5 1.1 0.2 0.0 2.1 9.9 -999.9
ACBB_Mons 2019 12 28 362 3.3 7.4 3.1 0.0 0.0 1.8 7.9 -999.9
ACBB_Mons 2019 12 29 363 -0.7 4.2 4.6 0.0 0.0 2.1 5.9 -999.9
ACBB_Mons 2019 12 30 364 -1.0 5.7 5.2 0.0 0.0 1.7 5.8 -999.9
ACBB_Mons 2019 12 31 365 -1.3 3.9 4.8 0.0 0.0 1.6 5.8 -999.9
ACBB_Mons 2020 1 1 1 -0.2 1.7 1.6 0.0 0.0 3.1 6.3 -999.9
ACBB_Mons 2020 1 2 2 0.9 8.5 1.4 0.1 0.0 3.4 8.5 -999.9
ACBB_Mons 2020 1 3 3 6.8 10.8 2.1 0.4 1.0 4.2 10.2 -999.9
ACBB_Mons 2020 1 4 4 0.6 7.8 3.6 0.0 0.0 1.8 7.6 -999.9
ACBB_Mons 2020 1 5 5 4.4 7.2 1.5 0.2 0.0 1.0 8.5 -999.9
ACBB_Mons 2020 1 6 6 -0.3 6.9 5.4 0.0 0.0 2.6 7.2 -999.9
ACBB_Mons 2020 1 7 7 1.2 11.1 2.0 0.1 0.0 2.8 9.1 -999.9
ACBB_Mons 2020 1 8 8 7.3 12.1 1.2 0.0 1.0 3.2 12.8 -999.9
ACBB_Mons 2020 1 9 9 10.7 12.6 1.6 0.6 6.0 4.9 12.4 -999.9
ACBB_Mons 2020 1 10 10 6.4 8.4 1.6 0.4 0.0 2.9 9.1 -999.9
ACBB_Mons 2020 1 11 11 3.6 7.2 3.8 0.2 0.0 2.9 7.3 -999.9
ACBB_Mons 2020 1 12 12 2.9 9.5 2.4 0.2 0.0 3.6 8.8 -999.9
ACBB_Mons 2020 1 13 13 5.2 10.4 1.7 0.4 0.0 4.5 9.9 -999.9
ACBB_Mons 2020 1 14 14 9.0 11.6 1.1 1.3 1.0 7.0 10.1 -999.9
ACBB_Mons 2020 1 15 15 8.3 11.1 1.8 1.2 0.5 4.6 9.2 -999.9
ACBB_Mons 2020 1 16 16 1.8 12.5 5.6 0.0 0.5 3.7 9.3 -999.9
ACBB_Mons 2020 1 17 17 5.6 10.6 3.4 0.6 0.0 4.1 8.9 -999.9
ACBB_Mons 2020 1 18 18 1.1 7.1 4.7 0.0 0.0 1.9 7.0 -999.9
ACBB_Mons 2020 1 19 19 -0.7 7.2 5.8 0.0 0.0 1.9 6.7 -999.9
ACBB_Mons 2020 1 20 20 0.2 6.2 4.8 0.0 0.0 1.9 7.2 -999.9
ACBB_Mons 2020 1 21 21 -1.5 5.4 7.4 0.0 0.0 1.2 5.8 -999.9
ACBB_Mons 2020 1 22 22 -4.0 2.8 4.8 0.0 0.0 2.3 5.8 -999.9
ACBB_Mons 2020 1 23 23 0.6 3.1 1.8 0.1 0.0 2.3 6.8 -999.9
ACBB_Mons 2020 1 24 24 -0.4 0.6 1.6 0.1 0.0 1.6 5.8 -999.9
ACBB_Mons 2020 1 25 25 -0.4 3.2 2.6 0.0 0.0 2.3 7.0 -999.9
ACBB_Mons 2020 1 26 26 1.2 8.7 3.9 0.0 2.0 3.6 8.6 -999.9
ACBB_Mons 2020 1 27 27 5.7 9.1 1.9 0.2 3.0 5.3 10.1 -999.9
ACBB_Mons 2020 1 28 28 0.8 6.5 3.5 0.4 7.0 6.7 7.3 -999.9
ACBB_Mons 2020 1 29 29 2.5 9.2 6.2 0.4 0.0 4.0 7.5 -999.9
ACBB_Mons 2020 1 30 30 3.4 12.5 1.6 0.3 1.0 4.7 10.3 -999.9
ACBB_Mons 2020 1 31 31 11.0 12.6 2.8 0.7 10.5 5.0 12.4 -999.9
ACBB_Mons 2020 2 1 32 8.5 12.8 3.0 0.7 16.0 5.4 11.6 -999.9
ACBB_Mons 2020 2 2 33 6.6 13.6 1.7 0.3 1.5 4.6 11.9 -999.9
ACBB_Mons 2020 2 3 34 9.3 11.4 2.3 0.8 18.5 4.0 10.7 -999.9
ACBB_Mons 2020 2 4 35 4.0 7.6 5.2 0.8 2.0 5.0 7.5 -999.9
ACBB_Mons 2020 2 5 36 5.0 9.8 4.5 0.5 0.0 1.5 7.9 -999.9
ACBB_Mons 2020 2 6 37 0.0 7.6 8.9 0.0 0.0 1.3 6.9 -999.9
ACBB_Mons 2020 2 7 38 0.7 8.6 8.9 0.4 0.0 3.6 6.9 -999.9
ACBB_Mons 2020 2 8 39 4.1 9.9 1.8 0.2 1.5 3.4 9.7 -999.9
ACBB_Mons 2020 2 9 40 6.2 13.1 2.5 1.5 11.5 9.9 10.3 -999.9
ACBB_Mons 2020 2 10 41 6.1 9.6 4.2 1.9 3.5 9.3 8.3 -999.9
ACBB_Mons 2020 2 11 42 3.4 8.0 7.8 1.2 0.5 6.8 7.0 -999.9
ACBB_Mons 2020 2 12 43 2.6 8.5 7.5 0.8 0.0 4.7 7.2 -999.9
ACBB_Mons 2020 2 13 44 4.1 10.2 4.6 1.0 8.0 6.4 8.5 -999.9
ACBB_Mons 2020 2 14 45 3.3 10.5 6.1 0.4 0.0 2.6 9.0 -999.9
ACBB_Mons 2020 2 15 46 5.8 13.1 5.8 1.1 2.0 6.0 10.0 -999.9
ACBB_Mons 2020 2 16 47 8.3 16.3 3.2 2.2 8.5 9.5 11.4 -999.9
ACBB_Mons 2020 2 17 48 6.9 11.4 8.6 1.6 0.5 5.9 8.4 -999.9
ACBB_Mons 2020 2 18 49 3.8 9.6 8.5 1.1 6.5 5.6 7.9 -999.9
ACBB_Mons 2020 2 19 50 2.7 8.7 7.5 0.6 1.5 4.1 8.2 -999.9
ACBB_Mons 2020 2 20 51 5.2 11.1 4.6 1.3 3.0 6.2 8.9 -999.9
ACBB_Mons 2020 2 21 52 1.4 8.9 8.7 0.8 0.0 4.1 7.4 -999.9
ACBB_Mons 2020 2 22 53 4.3 10.7 3.2 0.9 0.0 5.6 9.4 -999.9
ACBB_Mons 2020 2 23 54 9.4 12.6 1.8 0.8 7.5 6.0 11.7 -999.9
ACBB_Mons 2020 2 24 55 5.3 12.6 3.4 0.7 1.5 5.4 10.7 -999.9
ACBB_Mons 2020 2 25 56 4.6 9.9 7.5 1.2 7.0 5.5 8.4 -999.9
ACBB_Mons 2020 2 26 57 1.7 7.4 9.1 1.1 0.5 4.6 6.7 -999.9
ACBB_Mons 2020 2 27 58 0.2 4.4 3.9 0.6 13.0 4.5 6.5 -999.9
ACBB_Mons 2020 2 28 59 -0.7 10.4 4.1 0.9 2.5 4.3 7.6 -999.9
ACBB_Mons 2020 2 29 60 5.1 12.1 5.7 1.9 1.5 7.0 8.6 -999.9
ACBB_Mons 2020 3 1 61 4.4 8.7 6.7 1.2 6.0 5.0 7.9 -999.9
ACBB_Mons 2020 3 2 62 3.4 8.4 4.5 0.8 2.5 4.1 8.4 -999.9
ACBB_Mons 2020 3 3 63 0.7 7.3 7.5 0.7 1.5 2.3 7.2 -999.9
ACBB_Mons 2020 3 4 64 1.1 8.2 5.9 0.6 5.0 3.1 8.1 -999.9
ACBB_Mons 2020 3 5 65 5.7 10.4 2.8 0.5 15.5 3.7 10.3 -999.9
ACBB_Mons 2020 3 6 66 5.2 9.4 6.9 1.5 0.0 4.0 7.7 -999.9
ACBB_Mons 2020 3 7 67 -0.5 10.0 10.9 0.8 0.0 2.5 7.8 -999.9
ACBB_Mons 2020 3 8 68 6.6 10.0 3.6 1.1 5.5 4.9 9.5 -999.9
ACBB_Mons 2020 3 9 69 4.6 10.7 12.5 1.5 8.0 4.3 8.4 -999.9
ACBB_Mons 2020 3 10 70 6.5 14.2 3.5 0.4 3.5 6.1 12.8 -999.9
ACBB_Mons 2020 3 11 71 11.9 14.7 5.8 1.9 0.5 6.6 12.7 -999.9
ACBB_Mons 2020 3 12 72 7.0 12.0 12.3 2.7 0.0 6.2 8.0 -999.9
ACBB_Mons 2020 3 13 73 4.2 12.0 13.6 1.9 2.5 3.7 7.6 -999.9
ACBB_Mons 2020 3 14 74 4.3 10.1 5.9 0.8 0.0 3.3 9.4 -999.9
ACBB_Mons 2020 3 15 75 6.5 14.6 10.0 1.7 0.0 3.3 9.9 -999.9
ACBB_Mons 2020 3 16 76 4.3 10.5 4.9 0.7 0.0 1.3 9.5 -999.9
ACBB_Mons 2020 3 17 77 1.5 14.4 17.3 1.5 0.0 1.2 8.7 -999.9
ACBB_Mons 2020 3 18 78 4.1 16.9 16.7 1.7 0.0 1.5 10.4 -999.9
ACBB_Mons 2020 3 19 79 5.5 16.0 13.1 1.7 0.0 2.3 10.4 -999.9
ACBB_Mons 2020 3 20 80 6.7 9.1 3.6 0.7 2.0 4.3 9.9 -999.9
ACBB_Mons 2020 3 21 81 4.6 8.0 5.6 1.6 0.0 4.5 7.3 -999.9
ACBB_Mons 2020 3 22 82 0.9 12.8 18.5 3.2 0.0 4.7 4.9 -999.9
ACBB_Mons 2020 3 23 83 0.6 10.8 20.1 3.3 0.0 4.8 4.0 -999.9
ACBB_Mons 2020 3 24 84 -0.9 11.3 20.1 2.8 0.0 3.4 3.8 -999.9
ACBB_Mons 2020 3 25 85 -0.6 11.1 20.3 2.6 0.0 2.8 3.9 -999.9
ACBB_Mons 2020 3 26 86 -0.4 10.7 19.7 2.8 0.0 3.5 4.2 -999.9
ACBB_Mons 2020 3 27 87 1.0 12.5 18.5 2.3 0.0 2.3 6.0 -999.9
ACBB_Mons 2020 3 28 88 4.4 15.0 18.1 2.8 0.0 3.3 7.6 -999.9
ACBB_Mons 2020 3 29 89 3.1 8.3 12.9 3.1 0.0 4.7 4.5 -999.9
ACBB_Mons 2020 3 30 90 -1.7 9.5 20.3 2.5 0.0 3.6 4.8 -999.9
ACBB_Mons 2020 3 31 91 1.8 9.8 20.7 2.6 0.0 3.2 5.8 -999.9
ACBB_Mons 2020 4 1 92 -0.9 11.2 21.3 2.5 0.0 2.2 4.8 -999.9
ACBB_Mons 2020 4 2 93 -0.9 10.7 12.1 1.6 0.0 1.9 6.5 -999.9
ACBB_Mons 2020 4 3 94 3.6 13.3 11.0 1.6 0.0 1.1 8.2 -999.9
ACBB_Mons 2020 4 4 95 3.4 16.6 21.6 3.0 0.0 2.3 7.3 -999.9
ACBB_Mons 2020 4 5 96 6.2 21.9 22.5 4.4 0.0 3.6 7.3 -999.9
ACBB_Mons 2020 4 6 97 6.3 17.6 13.2 2.6 0.5 2.8 9.8 -999.9
ACBB_Mons 2020 4 7 98 3.5 22.0 19.2 2.8 0.0 2.0 10.6 -999.9
ACBB_Mons 2020 4 8 99 7.4 24.8 21.9 3.4 0.0 1.2 9.5 -999.9
ACBB_Mons 2020 4 9 100 7.9 24.7 19.6 3.6 0.0 2.0 10.3 -999.9
ACBB_Mons 2020 4 10 101 9.5 23.5 21.8 4.1 0.0 2.7 10.2 -999.9
ACBB_Mons 2020 4 11 102 8.1 23.9 22.5 3.6 0.0 1.4 9.6 -999.9
ACBB_Mons 2020 4 12 103 6.6 23.8 17.0 3.1 6.5 1.7 10.4 -999.9
ACBB_Mons 2020 4 13 104 9.1 12.5 22.2 3.9 0.0 4.3 8.0 -999.9
ACBB_Mons 2020 4 14 105 0.7 11.9 23.3 3.0 0.0 2.6 5.6 -999.9
ACBB_Mons 2020 4 15 106 1.7 19.7 24.6 4.0 0.0 2.8 5.7 -999.9
ACBB_Mons 2020 4 16 107 6.4 23.1 20.9 3.7 0.0 1.9 9.0 -999.9
ACBB_Mons 2020 4 17 108 7.3 24.4 20.9 3.6 2.0 2.0 11.7 -999.9
ACBB_Mons 2020 4 18 109 11.8 19.0 10.0 2.0 3.0 1.3 14.2 -999.9
ACBB_Mons 2020 4 19 110 6.5 16.3 19.5 2.8 0.0 2.6 11.1 -999.9
ACBB_Mons 2020 4 20 111 8.1 21.4 24.1 4.9 0.0 3.7 8.3 -999.9
ACBB_Mons 2020 4 21 112 8.0 20.8 17.8 3.8 0.0 2.2 7.2 -999.9
ACBB_Mons 2020 4 22 113 7.8 23.5 26.1 5.2 0.0 3.2 7.7 -999.9
ACBB_Mons 2020 4 23 114 8.2 24.5 25.8 4.4 0.0 1.5 8.0 -999.9
ACBB_Mons 2020 4 24 115 7.3 21.7 25.1 4.1 0.0 1.8 8.7 -999.9
ACBB_Mons 2020 4 25 116 5.7 17.0 24.9 3.8 0.0 2.4 8.6 -999.9
ACBB_Mons 2020 4 26 117 3.6 18.8 26.7 3.7 0.0 1.5 7.8 -999.9
ACBB_Mons 2020 4 27 118 6.5 23.9 24.2 4.2 1.0 2.2 10.5 -999.9
ACBB_Mons 2020 4 28 119 10.5 18.6 14.4 3.2 4.0 3.8 12.4 -999.9
ACBB_Mons 2020 4 29 120 9.3 16.6 12.4 2.7 7.0 4.2 11.7 -999.9
ACBB_Mons 2020 4 30 121 7.5 14.6 19.3 3.4 8.5 5.0 10.3 -999.9
ACBB_Mons 2020 5 1 122 6.7 14.6 17.8 3.1 6.0 4.2 10.1 -999.9
ACBB_Mons 2020 5 2 123 6.3 15.2 22.5 3.6 0.5 3.2 9.2 -999.9
ACBB_Mons 2020 5 3 124 3.8 15.8 12.3 1.7 0.0 1.9 11.6 -999.9
ACBB_Mons 2020 5 4 125 11.1 16.5 18.4 3.2 0.0 2.4 12.0 -999.9
ACBB_Mons 2020 5 5 126 7.9 16.1 15.9 3.6 0.0 3.5 8.4 -999.9
ACBB_Mons 2020 5 6 127 5.5 19.1 28.4 4.6 0.0 2.4 7.4 -999.9
ACBB_Mons 2020 5 7 128 5.5 21.2 25.0 4.1 0.0 1.5 7.9 -999.9
ACBB_Mons 2020 5 8 129 9.4 23.9 23.9 4.6 0.0 1.9 9.9 -999.9
ACBB_Mons 2020 5 9 130 13.0 24.0 18.4 4.0 9.5 2.0 13.4 -999.9
ACBB_Mons 2020 5 10 131 13.9 20.0 11.7 2.7 2.5 2.8 15.6 -999.9
ACBB_Mons 2020 5 11 132 6.5 13.4 26.4 5.5 0.0 5.8 6.2 -999.9
ACBB_Mons 2020 5 12 133 3.3 13.6 26.0 3.8 0.0 2.3 6.4 -999.9
ACBB_Mons 2020 5 13 134 3.7 15.1 28.1 3.5 0.0 2.5 6.6 -999.9
ACBB_Mons 2020 5 14 135 3.7 14.5 29.3 5.0 0.0 4.2 6.0 -999.9
ACBB_Mons 2020 5 15 136 4.0 16.7 30.2 4.8 0.0 2.8 6.7 -999.9
ACBB_Mons 2020 5 16 137 3.8 19.0 26.4 4.2 0.0 1.9 7.7 -999.9
ACBB_Mons 2020 5 17 138 4.0 20.4 27.7 4.2 0.0 1.5 8.8 -999.9
ACBB_Mons 2020 5 18 139 5.5 22.3 29.6 4.9 0.0 2.1 9.1 -999.9
ACBB_Mons 2020 5 19 140 5.0 23.7 27.5 4.5 0.0 2.1 12.2 -999.9
ACBB_Mons 2020 5 20 141 9.8 25.5 29.4 5.3 0.0 2.1 13.7 -999.9
ACBB_Mons 2020 5 21 142 13.6 29.0 27.3 5.5 0.0 1.4 15.1 -999.9
ACBB_Mons 2020 5 22 143 15.7 24.4 13.8 3.9 2.0 2.6 15.0 -999.9
ACBB_Mons 2020 5 23 144 11.4 18.7 22.5 4.8 0.0 3.6 10.4 -999.9
ACBB_Mons 2020 5 24 145 7.6 18.7 19.7 3.6 0.0 2.9 11.3 -999.9
ACBB_Mons 2020 5 25 146 8.7 22.8 27.5 4.7 0.0 1.6 11.5 -999.9
ACBB_Mons 2020 5 26 147 10.3 25.0 29.6 5.6 0.0 2.1 11.1 -999.9
ACBB_Mons 2020 5 27 148 11.7 24.6 29.9 6.0 0.0 2.5 10.8 -999.9
ACBB_Mons 2020 5 28 149 9.9 22.7 31.4 6.3 0.0 3.3 9.1 -999.9
ACBB_Mons 2020 5 29 150 9.2 24.0 31.5 6.3 0.0 2.9 8.1 -999.9
ACBB_Mons 2020 5 30 151 10.5 25.0 31.1 6.2 0.0 2.4 9.0 -999.9
ACBB_Mons 2020 5 31 152 12.0 23.1 29.0 6.2 0.0 2.9 8.7 -999.9
ACBB_Mons 2020 6 1 153 12.7 27.2 30.9 6.7 0.0 2.8 11.0 -999.9
ACBB_Mons 2020 6 2 154 13.8 28.6 29.4 6.3 0.0 2.0 11.4 -999.9
ACBB_Mons 2020 6 3 155 13.3 24.2 21.3 4.9 0.0 2.2 11.8 -999.9
ACBB_Mons 2020 6 4 156 12.7 16.8 8.2 2.7 0.5 3.3 11.8 -999.9
ACBB_Mons 2020 6 5 157 10.6 16.1 17.6 4.1 2.0 4.6 10.6 -999.9
ACBB_Mons 2020 6 6 158 7.9 17.5 22.7 5.1 0.0 4.9 8.7 -999.9
ACBB_Mons 2020 6 7 159 10.5 20.0 18.6 4.2 0.0 2.6 10.4 -999.9
ACBB_Mons 2020 6 8 160 9.2 16.4 13.0 2.6 0.0 2.9 12.0 -999.9
ACBB_Mons 2020 6 9 161 10.2 15.9 11.3 2.6 0.0 2.4 11.3 -999.9
ACBB_Mons 2020 6 10 162 7.7 20.5 22.4 4.0 0.0 1.2 9.8 -999.9
ACBB_Mons 2020 6 11 163 6.9 21.9 20.7 3.6 1.5 2.0 13.5 -999.9
ACBB_Mons 2020 6 12 164 13.1 19.1 8.6 2.3 5.0 3.0 15.1 -999.9
ACBB_Mons 2020 6 13 165 11.1 25.1 27.5 5.4 0.0 2.4 13.9 -999.9
ACBB_Mons 2020 6 14 166 11.1 22.6 25.1 4.7 0.0 2.1 13.5 -999.9
ACBB_Mons 2020 6 15 167 11.8 23.7 19.2 4.1 0.0 2.1 14.1 -999.9
ACBB_Mons 2020 6 16 168 10.9 23.3 23.9 4.5 0.0 1.9 14.4 -999.9
ACBB_Mons 2020 6 17 169 13.8 21.1 13.9 2.9 3.5 1.3 15.9 -999.9
ACBB_Mons 2020 6 18 170 13.2 22.3 20.4 4.2 0.0 2.2 14.6 -999.9
ACBB_Mons 2020 6 19 171 10.5 21.4 22.5 4.2 0.0 2.2 13.6 -999.9
ACBB_Mons 2020 6 20 172 11.5 24.3 23.6 4.4 0.0 1.1 13.6 -999.9
ACBB_Mons 2020 6 21 173 11.9 22.9 17.7 3.9 1.0 2.7 14.5 -999.9
ACBB_Mons 2020 6 22 174 9.3 24.1 27.5 4.9 0.0 1.5 12.8 -999.9
ACBB_Mons 2020 6 23 175 11.4 28.6 30.5 6.2 0.0 2.0 13.1 -999.9
ACBB_Mons 2020 6 24 176 17.2 32.3 31.2 7.9 0.0 3.1 13.8 -999.9
ACBB_Mons 2020 6 25 177 15.3 32.1 31.3 7.3 0.0 2.4 13.4 -999.9
ACBB_Mons 2020 6 26 178 19.5 29.0 19.0 5.3 0.0 2.7 18.7 -999.9
ACBB_Mons 2020 6 27 179 16.9 23.5 15.2 4.1 0.0 3.7 17.6 -999.9
ACBB_Mons 2020 6 28 180 13.8 23.6 23.9 5.7 0.0 3.2 11.8 -999.9
ACBB_Mons 2020 6 29 181 12.1 21.0 21.1 4.9 0.0 3.3 11.2 -999.9
ACBB_Mons 2020 6 30 182 9.9 22.1 13.2 3.1 0.0 2.5 13.4 -999.9
ACBB_Mons 2020 7 1 183 16.2 19.8 8.5 2.1 6.5 2.2 17.8 -999.9
ACBB_Mons 2020 7 2 184 14.5 20.5 17.0 3.9 0.0 2.6 14.0 -999.9
ACBB_Mons 2020 7 3 185 9.7 22.1 15.8 3.4 0.0 2.2 13.2 -999.9
ACBB_Mons 2020 7 4 186 12.2 21.2 8.4 2.3 1.5 3.9 16.2 -999.9
ACBB_Mons 2020 7 5 187 17.5 24.1 12.9 4.3 0.5 4.3 17.0 -999.9
ACBB_Mons 2020 7 6 188 9.8 21.1 25.8 5.2 0.0 3.2 10.9 -999.9
ACBB_Mons 2020 7 7 189 6.6 24.0 24.7 4.4 0.0 1.8 11.4 -999.9
ACBB_Mons 2020 7 8 190 11.2 21.1 7.8 2.0 0.0 2.7 15.9 -999.9
ACBB_Mons 2020 7 9 191 16.0 29.0 24.8 6.1 0.0 2.9 15.9 -999.9
ACBB_Mons 2020 7 10 192 15.6 21.6 18.3 4.4 0.0 2.8 14.1 -999.9
ACBB_Mons 2020 7 11 193 7.4 22.5 24.8 4.4 0.0 1.6 10.7 -999.9
ACBB_Mons 2020 7 12 194 8.9 23.7 28.2 5.1 0.0 1.9 11.1 -999.9
ACBB_Mons 2020 7 13 195 11.0 26.0 29.1 5.6 0.0 1.8 11.0 -999.9
ACBB_Mons 2020 7 14 196 11.4 21.5 10.8 2.5 0.5 1.6 14.6 -999.9
ACBB_Mons 2020 7 15 197 14.1 21.4 14.8 3.2 1.0 1.5 14.7 -999.9
ACBB_Mons 2020 7 16 198 14.5 19.4 6.3 1.8 0.0 1.9 15.7 -999.9
ACBB_Mons 2020 7 17 199 14.8 27.0 18.6 4.1 0.0 1.1 16.2 -999.9
ACBB_Mons 2020 7 18 200 12.8 26.7 22.8 4.6 0.0 1.5 15.2 -999.9
ACBB_Mons 2020 7 19 201 8.2 27.0 26.3 4.8 0.0 1.7 13.9 -999.9
ACBB_Mons 2020 7 20 202 14.7 23.4 28.4 5.7 0.0 2.2 11.9 -999.9
ACBB_Mons 2020 7 21 203 9.3 23.8 29.7 5.4 0.0 2.1 10.1 -999.9
ACBB_Mons 2020 7 22 204 10.0 23.2 28.0 5.1 0.0 1.9 10.3 -999.9
ACBB_Mons 2020 7 23 205 8.3 26.3 22.3 4.3 0.0 1.2 10.3 -999.9
ACBB_Mons 2020 7 24 206 15.6 24.0 15.3 3.9 0.0 2.4 15.1 -999.9
ACBB_Mons 2020 7 25 207 13.1 25.9 12.8 3.3 16.0 2.5 16.5 -999.9
ACBB_Mons 2020 7 26 208 14.5 23.4 19.1 4.1 0.0 2.3 15.8 -999.9
ACBB_Mons 2020 7 27 209 14.6 30.8 23.1 6.0 0.0 2.9 13.9 -999.9
ACBB_Mons 2020 7 28 210 16.2 22.8 21.7 5.4 0.0 3.4 12.9 -999.9
ACBB_Mons 2020 7 29 211 7.8 24.9 27.3 4.5 0.0 1.0 12.0 -999.9
ACBB_Mons 2020 7 30 212 10.7 30.1 28.0 5.4 0.0 1.3 11.4 -999.9
ACBB_Mons 2020 7 31 213 16.6 37.9 24.7 6.7 0.0 2.3 14.7 -999.9
ACBB_Mons 2020 8 1 214 17.7 28.0 26.5 5.9 0.0 2.4 16.7 -999.9
ACBB_Mons 2020 8 2 215 13.5 23.9 26.4 5.2 0.0 2.3 12.9 -999.9
ACBB_Mons 2020 8 3 216 9.3 22.1 16.3 3.1 0.0 1.6 13.0 -999.9
ACBB_Mons 2020 8 4 217 8.4 25.2 26.9 4.5 0.0 1.1 11.6 -999.9
ACBB_Mons 2020 8 5 218 9.7 29.7 27.1 5.2 0.0 1.5 11.0 -999.9
ACBB_Mons 2020 8 6 219 12.0 33.4 26.2 5.3 0.0 1.1 12.0 -999.9
ACBB_Mons 2020 8 7 220 17.5 34.6 26.5 5.9 0.0 1.3 14.7 -999.9
ACBB_Mons 2020 8 8 221 16.6 36.2 19.1 4.8 0.0 1.0 16.5 -999.9
ACBB_Mons 2020 8 9 222 21.3 37.6 21.2 6.0 0.0 1.7 16.8 -999.9
ACBB_Mons 2020 8 10 223 19.5 35.1 19.3 5.0 0.0 1.2 17.9 -999.9
ACBB_Mons 2020 8 11 224 20.5 35.4 23.4 5.6 0.5 1.1 18.3 -999.9
ACBB_Mons 2020 8 12 225 21.5 34.3 20.1 5.3 0.0 1.5 20.3 -999.9
ACBB_Mons 2020 8 13 226 18.1 30.8 21.0 4.9 2.5 1.7 19.2 -999.9
ACBB_Mons 2020 8 14 227 19.2 25.0 10.1 2.6 2.5 1.6 21.1 -999.9
ACBB_Mons 2020 8 15 228 16.7 26.7 17.6 3.5 0.0 1.0 20.5 -999.9
ACBB_Mons 2020 8 16 229 16.6 24.6 14.2 2.9 2.0 1.3 19.8 -999.9
ACBB_Mons 2020 8 17 230 13.0 23.8 18.5 3.3 4.5 1.6 17.0 -999.9
ACBB_Mons 2020 8 18 231 13.7 25.4 16.8 3.2 0.0 1.1 16.8 -999.9
ACBB_Mons 2020 8 19 232 15.4 25.4 9.0 2.4 2.0 1.9 18.8 -999.9
ACBB_Mons 2020 8 20 233 18.4 31.8 15.4 4.0 1.5 1.8 21.4 -999.9
ACBB_Mons 2020 8 21 234 19.4 29.3 22.3 5.8 0.5 3.1 15.8 -999.9
ACBB_Mons 2020 8 22 235 15.1 25.1 15.8 4.0 0.0 3.0 15.0 -999.9
ACBB_Mons 2020 8 23 236 13.9 21.5 11.0 2.8 2.0 3.0 15.0 -999.9
ACBB_Mons 2020 8 24 237 12.2 21.0 13.4 2.5 4.0 2.0 15.3 -999.9
ACBB_Mons 2020 8 25 238 12.5 26.6 9.0 3.0 1.0 3.6 16.2 -999.9
ACBB_Mons 2020 8 26 239 16.1 23.6 19.0 5.0 0.0 4.4 13.5 -999.9
ACBB_Mons 2020 8 27 240 8.5 24.8 17.1 3.0 0.5 1.7 13.9 -999.9
ACBB_Mons 2020 8 28 241 12.2 20.9 12.0 2.4 22.5 2.1 14.7 -999.9
ACBB_Mons 2020 8 29 242 11.5 17.6 8.7 1.7 2.0 1.9 14.4 -999.9
ACBB_Mons 2020 8 30 243 11.5 20.5 10.6 2.1 3.5 2.2 15.1 -999.9
ACBB_Mons 2020 8 31 244 9.4 20.0 12.7 2.2 0.0 1.0 12.4 -999.9
ACBB_Mons 2020 9 1 245 11.7 20.8 15.5 2.9 0.0 1.4 11.4 -999.9
ACBB_Mons 2020 9 2 246 8.5 21.3 16.5 2.5 0.0 0.7 12.1 -999.9
ACBB_Mons 2020 9 3 247 12.6 24.9 9.4 2.3 0.0 1.8 16.3 -999.9
ACBB_Mons 2020 9 4 248 17.8 21.6 9.4 2.2 6.0 1.3 17.8 -999.9
ACBB_Mons 2020 9 5 249 13.2 20.2 17.5 3.1 1.0 1.7 12.8 -999.9
ACBB_Mons 2020 9 6 250 7.3 20.9 17.5 2.5 0.0 0.9 11.6 -999.9
ACBB_Mons 2020 9 7 251 6.6 22.1 19.5 2.6 0.0 1.0 12.6 -999.9
ACBB_Mons 2020 9 8 252 11.7 22.5 12.8 2.1 0.0 1.1 17.0 -999.9
ACBB_Mons 2020 9 9 253 15.4 25.8 18.7 3.4 0.0 1.6 17.3 -999.9
ACBB_Mons 2020 9 10 254 16.4 24.4 16.7 3.3 0.0 1.4 14.6 -999.9
ACBB_Mons 2020 9 11 255 12.0 24.3 17.5 2.9 0.0 1.2 13.6 -999.9
ACBB_Mons 2020 9 12 256 7.9 21.9 18.0 2.4 0.0 1.0 12.7 -999.9
ACBB_Mons 2020 9 13 257 8.3 27.0 18.8 2.7 0.0 0.7 13.8 -999.9
ACBB_Mons 2020 9 14 258 11.0 31.8 18.6 3.5 0.0 1.4 14.6 -999.9
ACBB_Mons 2020 9 15 259 16.5 34.4 16.9 3.7 0.0 1.1 16.0 -999.9
ACBB_Mons 2020 9 16 260 13.9 29.4 16.8 3.4 0.0 2.0 17.1 -999.9
ACBB_Mons 2020 9 17 261 14.5 21.9 18.5 4.0 0.0 3.5 11.3 -999.9
ACBB_Mons 2020 9 18 262 9.0 26.7 16.9 3.3 0.0 2.5 12.2 -999.9
ACBB_Mons 2020 9 19 263 16.3 25.0 7.1 2.6 1.5 2.3 15.5 -999.9
ACBB_Mons 2020 9 20 264 18.5 27.7 14.4 3.3 0.0 1.5 14.8 -999.9
ACBB_Mons 2020 9 21 265 10.1 25.2 17.4 2.7 0.0 1.2 11.3 -999.9
ACBB_Mons 2020 9 22 266 8.7 24.4 15.0 2.1 0.0 0.6 12.8 -999.9
ACBB_Mons 2020 9 23 267 10.5 22.5 10.1 1.9 5.0 2.6 15.4 -999.9
ACBB_Mons 2020 9 24 268 9.7 16.9 8.9 1.7 9.0 3.1 12.4 -999.9
ACBB_Mons 2020 9 25 269 8.3 12.4 5.5 1.6 1.5 3.9 9.9 -999.9
ACBB_Mons 2020 9 26 270 9.4 12.0 5.5 1.7 15.5 4.7 10.2 -999.9
ACBB_Mons 2020 9 27 271 10.1 18.6 7.2 1.5 11.5 3.3 14.0 -999.9
ACBB_Mons 2020 9 28 272 12.2 13.5 1.3 0.2 2.5 1.8 14.0 -999.9
ACBB_Mons 2020 9 29 273 9.2 18.0 4.7 0.6 3.0 1.0 15.9 -999.9
ACBB_Mons 2020 9 30 274 12.4 18.7 7.2 1.1 3.5 1.8 16.0 -999.9
ACBB_Mons 2020 10 1 275 11.1 17.0 6.4 1.3 14.0 2.5 13.5 -999.9
ACBB_Mons 2020 10 2 276 8.9 14.6 3.9 0.6 10.5 3.3 13.7 -999.9
ACBB_Mons 2020 10 3 277 10.7 15.4 7.1 1.2 1.0 1.7 12.3 -999.9
ACBB_Mons 2020 10 4 278 9.5 15.2 8.8 1.7 8.0 3.9 11.3 -999.9
ACBB_Mons 2020 10 5 279 9.7 16.2 7.9 1.3 5.0 4.0 13.1 -999.9
ACBB_Mons 2020 10 6 280 11.1 16.0 8.0 1.6 3.0 4.5 13.0 -999.9
ACBB_Mons 2020 10 7 281 9.9 16.2 10.2 1.4 0.5 2.7 12.2 -999.9
ACBB_Mons 2020 10 8 282 10.6 18.0 4.8 0.9 12.5 3.6 15.3 -999.9
ACBB_Mons 2020 10 9 283 10.5 16.5 8.5 1.2 0.5 1.8 12.8 -999.9
ACBB_Mons 2020 10 10 284 5.7 14.2 10.5 1.1 0.5 2.5 10.3 -999.9
ACBB_Mons 2020 10 11 285 6.0 13.6 6.8 0.8 0.5 1.7 10.6 -999.9
ACBB_Mons 2020 10 12 286 4.2 13.8 7.8 0.7 0.5 1.2 10.2 -999.9
ACBB_Mons 2020 10 13 287 8.5 9.4 2.2 0.3 11.0 3.0 11.1 -999.9
ACBB_Mons 2020 10 14 288 6.5 12.2 8.5 0.9 0.0 2.4 10.0 -999.9
ACBB_Mons 2020 10 15 289 7.0 11.8 8.1 1.0 0.0 1.7 9.1 -999.9
ACBB_Mons 2020 10 16 290 7.9 11.7 7.6 0.9 0.0 1.5 9.5 -999.9
ACBB_Mons 2020 10 17 291 7.1 13.4 10.0 0.8 0.5 0.9 9.8 -999.9
ACBB_Mons 2020 10 18 292 6.4 13.8 5.5 0.6 0.0 0.8 10.8 -999.9
ACBB_Mons 2020 10 19 293 5.0 15.0 9.1 0.8 0.0 1.8 10.0 -999.9
ACBB_Mons 2020 10 20 294 7.8 15.3 2.0 0.3 10.5 2.7 13.1 -999.9
ACBB_Mons 2020 10 21 295 12.4 20.6 6.5 1.6 0.5 3.8 14.4 -999.9
ACBB_Mons 2020 10 22 296 10.9 17.6 4.4 0.6 0.5 1.4 14.8 -999.9
ACBB_Mons 2020 10 23 297 10.6 18.1 6.9 0.8 0.0 2.2 14.1 -999.9
ACBB_Mons 2020 10 24 298 10.4 15.7 3.2 0.8 4.0 6.1 13.9 -999.9
ACBB_Mons 2020 10 25 299 10.8 12.1 2.0 0.7 1.0 4.8 12.2 -999.9
ACBB_Mons 2020 10 26 300 7.4 13.0 9.0 1.0 0.5 5.2 10.3 -999.9
ACBB_Mons 2020 10 27 301 7.3 12.4 3.7 0.6 1.0 5.6 11.5 -999.9
ACBB_Mons 2020 10 28 302 9.5 13.6 4.4 1.1 3.0 5.7 11.7 -999.9
ACBB_Mons 2020 10 29 303 9.0 13.9 3.6 0.7 0.5 5.2 12.5 -999.9
ACBB_Mons 2020 10 30 304 12.6 15.4 3.4 0.9 0.5 4.1 14.0 -999.9
ACBB_Mons 2020 10 31 305 10.7 16.5 7.0 0.9 2.0 4.1 13.4 -999.9
ACBB_Mons 2020 11 1 306 10.9 18.1 2.9 0.4 0.5 5.6 16.5 -999.9
ACBB_Mons 2020 11 2 307 11.9 19.4 2.8 1.6 5.0 6.4 14.8 -999.9
ACBB_Mons 2020 11 3 308 5.6 11.7 6.6 0.7 0.5 3.7 9.0 -999.9
ACBB_Mons 2020 11 4 309 0.6 11.0 8.1 0.1 0.0 1.0 8.0 -999.9
ACBB_Mons 2020 11 5 310 1.8 11.1 8.8 0.2 0.5 2.1 8.0 -999.9
ACBB_Mons 2020 11 6 311 3.2 11.7 6.9 0.6 0.0 3.2 8.0 -999.9
ACBB_Mons 2020 11 7 312 6.2 14.8 7.0 0.4 0.0 3.1 10.9 -999.9
ACBB_Mons 2020 11 8 313 8.3 16.5 5.3 0.5 0.0 3.0 12.8 -999.9
ACBB_Mons 2020 11 9 314 9.0 16.6 7.6 0.2 0.0 2.0 13.3 -999.9
ACBB_Mons 2020 11 10 315 9.3 13.3 2.0 0.2 5.5 1.2 13.1 -999.9
ACBB_Mons 2020 11 11 316 10.1 13.3 3.0 0.4 0.5 3.1 12.9 -999.9
ACBB_Mons 2020 11 12 317 7.1 13.3 7.2 0.3 0.0 3.3 10.6 -999.9
ACBB_Mons 2020 11 13 318 4.6 14.6 2.3 0.0 0.5 3.4 12.5 -999.9
ACBB_Mons 2020 11 14 319 10.0 15.2 4.7 0.6 0.0 4.2 12.7 -999.9
ACBB_Mons 2020 11 15 320 9.2 14.3 1.0 1.1 6.5 7.0 11.7 -999.9
ACBB_Mons 2020 11 16 321 7.9 11.3 2.8 0.3 0.0 4.7 11.3 -999.9
ACBB_Mons 2020 11 17 322 9.4 12.1 1.6 0.5 0.0 3.4 11.7 -999.9
ACBB_Mons 2020 11 18 323 6.6 15.0 6.8 0.1 0.5 3.6 11.2 -999.9
ACBB_Mons 2020 11 19 324 7.6 11.1 3.5 0.6 0.5 3.9 9.7 -999.9
ACBB_Mons 2020 11 20 325 0.3 8.3 5.7 0.0 0.5 1.2 7.3 -999.9
ACBB_Mons 2020 11 21 326 3.1 10.3 5.2 0.0 0.0 4.0 9.1 -999.9
ACBB_Mons 2020 11 22 327 7.5 10.1 1.5 0.3 1.5 2.4 10.3 -999.9
ACBB_Mons 2020 11 23 328 8.2 9.9 1.3 0.1 0.5 1.7 11.4 -999.9
ACBB_Mons 2020 11 24 329 3.8 9.6 4.6 0.0 0.0 3.3 8.9 -999.9
ACBB_Mons 2020 11 25 330 2.4 9.7 2.9 0.1 0.0 2.7 8.8 -999.9
ACBB_Mons 2020 11 26 331 2.6 9.0 4.1 0.0 0.0 1.3 8.5 -999.9
ACBB_Mons 2020 11 27 332 0.0 7.0 1.8 0.0 0.0 1.3 7.9 -999.9
ACBB_Mons 2020 11 28 333 3.0 10.7 5.9 0.0 0.0 2.2 8.4 -999.9
ACBB_Mons 2020 11 29 334 1.6 3.2 1.1 0.1 0.0 2.6 7.0 -999.9
ACBB_Mons 2020 11 30 335 -0.4 7.7 1.3 0.4 3.0 3.0 7.0 -999.9
ACBB_Mons 2020 12 1 336 3.0 9.4 3.0 0.2 0.0 4.7 8.6 -999.9
ACBB_Mons 2020 12 2 337 5.3 7.0 1.6 0.2 2.0 1.6 9.0 -999.9
ACBB_Mons 2020 12 3 338 5.0 7.7 0.9 0.3 6.0 5.2 8.9 -999.9
ACBB_Mons 2020 12 4 339 3.8 6.7 2.7 0.7 0.0 5.6 7.3 -999.9
ACBB_Mons 2020 12 5 340 0.6 5.2 1.8 0.2 0.0 4.0 7.0 -999.9
ACBB_Mons 2020 12 6 341 0.2 5.8 4.0 0.0 0.0 1.8 6.5 -999.9
ACBB_Mons 2020 12 7 342 -1.9 2.3 1.4 0.0 0.0 2.1 6.2 -999.9
ACBB_Mons 2020 12 8 343 -0.8 1.8 2.0 0.0 0.0 1.8 6.5 -999.9
ACBB_Mons 2020 12 9 344 0.5 3.4 1.1 0.0 0.0 3.2 7.1 -999.9
ACBB_Mons 2020 12 10 345 1.2 4.5 3.6 0.0 1.0 4.1 7.0 -999.9
ACBB_Mons 2020 12 11 346 1.4 9.2 0.9 0.0 6.0 3.2 9.5 -999.9
ACBB_Mons 2020 12 12 347 5.8 9.8 2.1 0.0 0.0 2.2 10.0 -999.9
ACBB_Mons 2020 12 13 348 0.7 9.4 2.1 0.0 1.0 3.9 8.5 -999.9
ACBB_Mons 2020 12 14 349 6.5 11.0 1.8 0.0 5.5 4.2 11.5 -999.9
ACBB_Mons 2020 12 15 350 6.2 11.9 3.1 0.0 2.0 2.2 10.8 -999.9
ACBB_Mons 2020 12 16 351 3.9 10.1 2.8 0.0 3.5 3.6 9.9 -999.9
ACBB_Mons 2020 12 17 352 6.7 10.6 4.1 0.0 0.0 3.6 10.3 -999.9
ACBB_Mons 2020 12 18 353 5.4 11.1 4.7 0.0 0.0 3.9 9.9 -999.9
ACBB_Mons 2020 12 19 354 5.2 10.7 1.8 0.1 1.5 4.6 10.4 -999.9
ACBB_Mons 2020 12 20 355 6.8 10.6 3.3 0.1 1.5 3.3 9.8 -999.9
ACBB_Mons 2020 12 21 356 4.9 13.6 0.6 0.0 6.0 5.2 11.5 -999.9
ACBB_Mons 2020 12 22 357 11.8 14.2 0.9 0.1 30.0 4.0 14.6 -999.9
ACBB_Mons 2020 12 23 358 11.0 13.0 0.9 0.7 16.5 4.9 12.4 -999.9
ACBB_Mons 2020 12 24 359 3.7 6.9 1.7 0.3 1.5 4.5 8.3 -999.9
ACBB_Mons 2020 12 25 360 1.6 5.2 3.6 0.0 0.5 3.1 7.1 -999.9
ACBB_Mons 2020 12 26 361 0.2 5.6 3.4 0.0 0.5 4.6 7.2 -999.9
ACBB_Mons 2020 12 27 362 4.4 7.1 0.6 0.5 10.0 7.3 8.3 -999.9
ACBB_Mons 2020 12 28 363 1.7 5.1 2.0 0.1 1.0 3.1 7.4 -999.9
ACBB_Mons 2020 12 29 364 0.9 4.2 1.8 0.0 2.0 2.3 7.4 -999.9
ACBB_Mons 2020 12 30 365 -0.1 6.1 3.2 0.0 6.5 2.3 7.4 -999.9
ACBB_Mons 2020 12 31 366 1.7 4.7 2.4 0.1 0.5 2.4 7.0 -999.9
